return {
	Vector3.new(168, 101.058792, -139.053406),
	Vector3.new(168, 92.105896, -139.050842),
	Vector3.new(168, 80.1675873, -139.076797),
	Vector3.new(168, 68.5737991, -139.047989),
	Vector3.new(168, 58.5127182, -139.07991),
	Vector3.new(168, 45.8024597, -139.030563),
	Vector3.new(168, 36.8157539, -139.055847),
	Vector3.new(168, 26.1871834, -139.104279),
	Vector3.new(168, 16.2866707, -139.081467),
	Vector3.new(168, 6.35357666, -139.060318),
	Vector3.new(168, 0.0918300152, -139.089371),
	Vector3.new(168, 0.112701416, -147.347565),
	Vector3.new(168, 0.118728638, -155.549683),
	Vector3.new(168, 0.082192421, -166.06424),
	Vector3.new(168, 0.114696503, -176.281616),
	Vector3.new(168, 1.67390442, -174.009949),
	Vector3.new(168, 3.82460785, -169.215759),
	Vector3.new(168, 6.2436142, -166.618301),
	Vector3.new(168, 9.81016541, -167.361023),
	Vector3.new(168, 12.7570419, -168.112991),
	Vector3.new(168, 17.8784828, -169.601913),
	Vector3.new(168, 22.2927418, -170.876831),
	Vector3.new(168, 24.1840305, -171.34758),
	Vector3.new(168, 23.3772144, -170.402634),
	Vector3.new(168, 22.5179443, -169.255508),
	Vector3.new(168, 21.5903816, -167.790955),
	Vector3.new(168, 20.5144482, -165.501129),
	Vector3.new(168, 21.9377136, -168.0755),
	Vector3.new(168, 24.3139915, -171.346375),
	Vector3.new(168, 25.9799843, -171.959839),
	Vector3.new(168, 28.7286758, -172.775726),
	Vector3.new(168, 27.2790527, -171.269745),
	Vector3.new(168, 26.2452888, -170.004974),
	Vector3.new(168, 24.6745052, -167.822769),
	Vector3.new(168, 23.2584209, -165.589737),
	Vector3.new(168, 22.8213291, -164.586441),
	Vector3.new(168, 22.7786255, -164.068619),
	Vector3.new(168, 22.9541111, -163.581741),
	Vector3.new(168, 23.5341682, -163.063599),
	Vector3.new(168, 26.2292919, -161.676346),
	Vector3.new(168, 27.8509789, -160.906677),
	Vector3.new(168, 30.9147511, -161.286438),
	Vector3.new(168, 32.807148, -161.847336),
	Vector3.new(168, 34.6288147, -162.575592),
	Vector3.new(168, 36.7529984, -163.889511),
	Vector3.new(168, 38.1010513, -164.544296),
	Vector3.new(168, 40.7767868, -164.780792),
	Vector3.new(168, 44.0855675, -164.587631),
	Vector3.new(168, 46.4843674, -163.946823),
	Vector3.new(168, 45.9396896, -163.002945),
	Vector3.new(168, 43.9791298, -161.267792),
	Vector3.new(168, 41.5146255, -159.549713),
	Vector3.new(168, 41.0050964, -160.272202),
	Vector3.new(168, 39.7036285, -161.167282),
	Vector3.new(168, 38.1551857, -161.685562),
	Vector3.new(168, 36.6850052, -162.150253),
	Vector3.new(168, 34.7646751, -162.558456),
	Vector3.new(168, 34.2141533, -162.393799),
	Vector3.new(168, 33.1622009, -162.00618),
	Vector3.new(168, 33.6731491, -161.732269),
	Vector3.new(168, 34.3513947, -161.393707),
	Vector3.new(168, 34.8117447, -161.016571),
	Vector3.new(168, 35.1872215, -160.480286),
	Vector3.new(168, 35.4484215, -159.933838),
	Vector3.new(168, 34.8385086, -159.762421),
	Vector3.new(168, 34.6304626, -160.297424),
	Vector3.new(168, 34.1344604, -160.969376),
	Vector3.new(168, 33.5006638, -161.209686),
	Vector3.new(168, 32.475193, -161.699249),
	Vector3.new(168, 29.4869766, -161.09375),
	Vector3.new(168, 30.5235596, -160.809341),
	Vector3.new(168, 31.4863586, -160.436401),
	Vector3.new(168, 31.9137573, -160.14328),
	Vector3.new(168, 32.3497238, -159.481277),
	Vector3.new(168, 32.7170792, -158.86908),
	Vector3.new(168, 32.0537796, -158.614471),
	Vector3.new(168, 31.5412579, -159.371735),
	Vector3.new(168, 30.9674473, -160.047653),
	Vector3.new(168, 29.5340652, -160.471481),
	Vector3.new(168, 27.9083061, -160.941742),
	Vector3.new(168, 26.273922, -160.699326),
	Vector3.new(168, 23.6493587, -160.338379),
	Vector3.new(168, 22.2664433, -161.279343),
	Vector3.new(168, 20.9577579, -162.526733),
	Vector3.new(168, 22.2938099, -161.29303),
	Vector3.new(168, 23.6223869, -160.311096),
	Vector3.new(168, 22.4502602, -160.036697),
	Vector3.new(168, 21.2754936, -159.744705),
	Vector3.new(168, 20.1403065, -159.462875),
	Vector3.new(168, 19.0882168, -159.289627),
	Vector3.new(168, 17.4741859, -159.250946),
	Vector3.new(168, 15.52948, -159.223663),
	Vector3.new(168, 15.6005096, -158.682785),
	Vector3.new(168, 17.4251747, -158.645401),
	Vector3.new(168, 19.5700417, -158.820633),
	Vector3.new(168, 22.168972, -159.364304),
	Vector3.new(168, 23.7908649, -159.848526),
	Vector3.new(168, 27.5460835, -160.429321),
	Vector3.new(168, 28.423502, -160.613358),
	Vector3.new(168, 28.1545334, -160.72403),
	Vector3.new(168, 25.7535133, -160.348129),
	Vector3.new(168, 23.6320133, -160.011383),
	Vector3.new(168, 22.0343399, -159.521454),
	Vector3.new(168, 19.5115509, -159.004837),
	Vector3.new(168, 17.2970772, -158.817764),
	Vector3.new(168, 15.7449226, -158.873749),
	Vector3.new(168, 15.7670784, -159.060303),
	Vector3.new(168, 17.347702, -158.992798),
	Vector3.new(168, 16.547699, -159.12291),
	Vector3.new(168, 17.5467606, -159.004181),
	Vector3.new(168, 19.1016693, -159.084885),
	Vector3.new(168, 17.3263016, -159.140976),
	Vector3.new(168, 19.3193417, -159.138962),
	Vector3.new(168, 20.6495819, -159.374634),
	Vector3.new(168, 22.9113598, -159.959457),
	Vector3.new(168, 23.8301201, -160.209671),
	Vector3.new(168, 27.9314499, -160.820389),
	Vector3.new(168, 28.5208988, -160.771042),
	Vector3.new(168, 30.1798897, -160.27562),
	Vector3.new(168, 28.6156006, -159.909912),
	Vector3.new(168, 26.5324001, -159.325851),
	Vector3.new(168, 24.0181675, -158.822845),
	Vector3.new(168, 21.0195656, -158.289093),
	Vector3.new(168, 19.2880173, -157.975479),
	Vector3.new(168, 17.909481, -157.753754),
	Vector3.new(168, 15.7205162, -157.620148),
	Vector3.new(168, 15.7736244, -156.937439),
	Vector3.new(168, 17.9644661, -157.035721),
	Vector3.new(168, 18.4982758, -157.385422),
	Vector3.new(168, 19.2683849, -157.80481),
	Vector3.new(168, 20.0659256, -157.78479),
	Vector3.new(168, 20.9146423, -157.728546),
	Vector3.new(168, 21.6899662, -157.645233),
	Vector3.new(168, 24.0101929, -158.044586),
	Vector3.new(168, 27.9194851, -158.889648),
	Vector3.new(168, 30.999752, -159.92572),
	Vector3.new(168, 30.7123947, -159.96344),
	Vector3.new(168, 27.7666187, -159.036011),
	Vector3.new(168, 24.7763386, -158.404449),
	Vector3.new(168, 23.7088528, -158.176178),
	Vector3.new(168, 21.5997295, -157.817474),
	Vector3.new(168, 19.6202335, -157.89473),
	Vector3.new(168, 21.9929276, -158.276031),
	Vector3.new(168, 23.979557, -158.615585),
	Vector3.new(168, 26.6197262, -159.161194),
	Vector3.new(168, 28.7074413, -159.738678),
	Vector3.new(168, 30.2189693, -160.128998),
	Vector3.new(168, 30.5764217, -160.050323),
	Vector3.new(168, 27.6506557, -159.209167),
	Vector3.new(168, 23.2935371, -158.284576),
	Vector3.new(168, 21.5200634, -157.987274),
	Vector3.new(168, 20.6611176, -157.978424),
	Vector3.new(168, 23.6262531, -158.488983),
	Vector3.new(168, 27.1953793, -159.164856),
	Vector3.new(168, 29.4369907, -159.787872),
	Vector3.new(168, 25.9017143, -158.769241),
	Vector3.new(168, 20.5356064, -157.991562),
	Vector3.new(168, 19.3144226, -157.913284),
	Vector3.new(168, 18.9737148, -157.850754),
	Vector3.new(168, 17.9146156, -157.215698),
	Vector3.new(168, 15.9177513, -157.139145),
	Vector3.new(168, 15.8744049, -157.471802),
	Vector3.new(168, 18.5646744, -157.70578),
	Vector3.new(168, 17.8257561, -157.361877),
	Vector3.new(168, 16.0323715, -157.300095),
	Vector3.new(168, 17.9893341, -157.50528),
	Vector3.new(168, 17.3668823, -157.900208),
	Vector3.new(168, 16.2282677, -158.296967),
	Vector3.new(168, 15.6703529, -158.614716),
	Vector3.new(168, 17.389946, -158.959351),
	Vector3.new(168, 21.97402, -159.474319),
	Vector3.new(168, 24.131073, -160.213562),
	Vector3.new(168, 28.3660583, -160.7883),
	Vector3.new(168, 30.1146946, -160.233002),
	Vector3.new(168, 31.0060158, -159.926804),
	Vector3.new(168, 31.6526165, -159.286469),
	Vector3.new(168, 32.0572205, -158.58815),
	Vector3.new(168, 30.0828667, -157.889252),
	Vector3.new(168, 26.1662636, -157.140717),
	Vector3.new(168, 24.5825081, -156.833893),
	Vector3.new(168, 24.9718571, -156.435638),
	Vector3.new(168, 25.0523968, -156.217773),
	Vector3.new(168, 26.2367363, -156.341858),
	Vector3.new(168, 28.3440037, -156.74501),
	Vector3.new(168, 30.2312927, -157.138977),
	Vector3.new(168, 30.0851898, -157.47728),
	Vector3.new(168, 30.1736069, -157.817978),
	Vector3.new(168, 26.2181244, -156.982208),
	Vector3.new(168, 24.8565712, -156.762726),
	Vector3.new(168, 24.9994507, -156.585007),
	Vector3.new(168, 26.1960468, -156.802658),
	Vector3.new(168, 27.999342, -157.174957),
	Vector3.new(168, 30.0196133, -157.609268),
	Vector3.new(168, 29.9450321, -157.385681),
	Vector3.new(168, 28.7541389, -157.153839),
	Vector3.new(168, 26.1981659, -156.608322),
	Vector3.new(168, 25.1541004, -156.468338),
	Vector3.new(168, 25.1629829, -156.365677),
	Vector3.new(168, 26.6120434, -156.511749),
	Vector3.new(168, 30.0445881, -157.265381),
	Vector3.new(168, 30.2522049, -157.878052),
	Vector3.new(168, 32.7202415, -158.868332),
	Vector3.new(168, 31.9761314, -160.095917),
	Vector3.new(168, 31.5001106, -160.404694),
	Vector3.new(168, 30.3559055, -160.837463),
	Vector3.new(168, 29.4355068, -161.080124),
	Vector3.new(168, 32.0503769, -161.636124),
	Vector3.new(168, 31.2175694, -162.568146),
	Vector3.new(168, 30.8935452, -163.080353),
	Vector3.new(168, 31.0362473, -163.367859),
	Vector3.new(168, 30.8216877, -163.829178),
	Vector3.new(168, 32.2456436, -163.815369),
	Vector3.new(168, 30.7879982, -163.852188),
	Vector3.new(168, 29.0127144, -164.168488),
	Vector3.new(168, 30.8664436, -163.8172),
	Vector3.new(168, 31.0586472, -163.334167),
	Vector3.new(168, 30.9048042, -163.058014),
	Vector3.new(168, 31.2618237, -162.53479),
	Vector3.new(168, 32.0178757, -161.668716),
	Vector3.new(168, 33.1453094, -161.960464),
	Vector3.new(168, 34.6330261, -162.555878),
	Vector3.new(168, 34.3102531, -162.590302),
	Vector3.new(168, 33.375618, -163.172607),
	Vector3.new(168, 32.5613213, -163.964523),
	Vector3.new(168, 31.9274235, -164.724319),
	Vector3.new(168, 31.6498642, -165.317017),
	Vector3.new(168, 31.6704693, -165.950867),
	Vector3.new(168, 31.9914131, -167.021774),
	Vector3.new(168, 32.7690201, -168.248749),
	Vector3.new(168, 33.3673172, -167.948303),
	Vector3.new(168, 33.9809608, -167.774048),
	Vector3.new(168, 35.0506134, -168.217316),
	Vector3.new(168, 37.038929, -169.431412),
	Vector3.new(168, 39.6009445, -171.337601),
	Vector3.new(168, 40.9578743, -172.235657),
	Vector3.new(168, 42.8673592, -173.917328),
	Vector3.new(168, 42.1493759, -174.421738),
	Vector3.new(168, 41.2520065, -173.815628),
	Vector3.new(168, 39.5092621, -172.323166),
	Vector3.new(168, 36.9932632, -170.54718),
	Vector3.new(168, 35.0913086, -169.348999),
	Vector3.new(168, 34.0995216, -168.76683),
	Vector3.new(168, 33.5828896, -168.742813),
	Vector3.new(168, 33.0296669, -169.092865),
	Vector3.new(168, 32.3476677, -169.742966),
	Vector3.new(168, 32.8724251, -170.431915),
	Vector3.new(168, 35.0256729, -171.547668),
	Vector3.new(168, 37.1330299, -173.134201),
	Vector3.new(168, 39.9504242, -175.148026),
	Vector3.new(168, 41.1537132, -176.258057),
	Vector3.new(168, 42.074604, -176.79512),
	Vector3.new(168, 42.7930527, -175.655746),
	Vector3.new(168, 43.8698425, -174.924973),
	Vector3.new(168, 43.391304, -174.43779),
	Vector3.new(168, 42.6696739, -174.850433),
	Vector3.new(168, 43.0694084, -175.324875),
	Vector3.new(168, 43.6356735, -174.917191),
	Vector3.new(168, 43.3951454, -174.638321),
	Vector3.new(168, 42.8912773, -174.840927),
	Vector3.new(168, 43.1083832, -175.121643),
	Vector3.new(168, 43.4340057, -174.909225),
	Vector3.new(168, 43.3907471, -174.848114),
	Vector3.new(168, 43.0791397, -174.90184),
	Vector3.new(168, 42.6186028, -174.868271),
	Vector3.new(168, 42.3128815, -175.144318),
	Vector3.new(168, 42.1524048, -175.475403),
	Vector3.new(168, 42.0860062, -175.753845),
	Vector3.new(168, 42.0884094, -176.765427),
	Vector3.new(168, 41.2640457, -176.336777),
	Vector3.new(168, 41.3659439, -175.63652),
	Vector3.new(168, 41.6594849, -174.951859),
	Vector3.new(168, 42.1405983, -174.44516),
	Vector3.new(168, 41.703167, -174.904831),
	Vector3.new(168, 41.3655319, -175.548828),
	Vector3.new(168, 41.2450333, -176.283478),
	Vector3.new(168, 40.0587997, -176.298615),
	Vector3.new(168, 39.0714417, -175.535431),
	Vector3.new(168, 36.8241348, -173.841415),
	Vector3.new(168, 35.2602119, -172.743393),
	Vector3.new(168, 34.0088043, -171.94606),
	Vector3.new(168, 32.0449562, -170.815857),
	Vector3.new(168, 31.3678856, -170.32724),
	Vector3.new(168, 31.3010464, -169.896164),
	Vector3.new(168, 31.5527496, -169.300323),
	Vector3.new(168, 32.7851105, -168.270264),
	Vector3.new(168, 33.965271, -167.983719),
	Vector3.new(168, 35.0509338, -168.427155),
	Vector3.new(168, 37.0455666, -169.64743),
	Vector3.new(168, 40.8691025, -172.35611),
	Vector3.new(168, 42.6119614, -173.914429),
	Vector3.new(168, 42.1467438, -174.215134),
	Vector3.new(168, 40.8743629, -173.282257),
	Vector3.new(168, 39.4581795, -172.074692),
	Vector3.new(168, 36.8982315, -170.265656),
	Vector3.new(168, 34.1564026, -168.576813),
	Vector3.new(168, 33.5030403, -168.55835),
	Vector3.new(168, 32.1541443, -169.6866),
	Vector3.new(168, 32.7373581, -170.576782),
	Vector3.new(168, 34.9511909, -171.649673),
	Vector3.new(168, 36.9585495, -173.225006),
	Vector3.new(168, 38.7296982, -174.493576),
	Vector3.new(168, 39.8106766, -175.231613),
	Vector3.new(168, 40.8821106, -176.193237),
	Vector3.new(168, 40.4911003, -176.105209),
	Vector3.new(168, 39.647625, -175.308472),
	Vector3.new(168, 36.7870102, -173.316635),
	Vector3.new(168, 34.8561859, -171.756699),
	Vector3.new(168, 32.6808777, -170.742737),
	Vector3.new(168, 31.9863167, -169.686829),
	Vector3.new(168, 33.4515533, -168.383942),
	Vector3.new(168, 34.2550545, -168.418976),
	Vector3.new(168, 36.2770615, -169.690796),
	Vector3.new(168, 37.028553, -170.124557),
	Vector3.new(168, 39.8806381, -172.165695),
	Vector3.new(168, 41.0184097, -173.160553),
	Vector3.new(168, 42.14991, -173.990875),
	Vector3.new(168, 42.3400116, -173.86731),
	Vector3.new(168, 40.7870331, -172.515488),
	Vector3.new(168, 38.7892609, -171.121277),
	Vector3.new(168, 42.1174469, -173.837616),
	Vector3.new(168, 39.8027954, -172.29985),
	Vector3.new(168, 38.6775818, -171.11879),
	Vector3.new(168, 37.1995621, -170.054886),
	Vector3.new(168, 38.7422447, -171.063629),
	Vector3.new(168, 37.2531204, -169.938232),
	Vector3.new(168, 34.6965942, -168.436035),
	Vector3.new(168, 37.0796738, -170.024002),
	Vector3.new(168, 34.4741707, -168.354462),
	Vector3.new(168, 33.9638443, -168.139267),
	Vector3.new(168, 32.7843971, -168.419861),
	Vector3.new(168, 34.0639801, -168.239578),
	Vector3.new(168, 32.6199188, -168.576385),
	Vector3.new(168, 31.6294174, -169.377701),
	Vector3.new(168, 31.4656944, -169.896759),
	Vector3.new(168, 31.5191708, -170.258606),
	Vector3.new(168, 32.5343857, -170.882156),
	Vector3.new(168, 31.8137398, -169.695969),
	Vector3.new(168, 33.0268936, -168.57016),
	Vector3.new(168, 32.7044868, -168.689804),
	Vector3.new(168, 31.6789131, -169.614212),
	Vector3.new(168, 32.1691628, -170.472046),
	Vector3.new(168, 31.6515522, -169.839493),
	Vector3.new(168, 31.6011639, -170.00769),
	Vector3.new(168, 31.9816723, -170.374008),
	Vector3.new(168, 31.6450615, -170.240845),
	Vector3.new(168, 32.5746231, -170.963272),
	Vector3.new(168, 34.897644, -172.280533),
	Vector3.new(168, 37.8138123, -174.339325),
	Vector3.new(168, 39.1385803, -175.388016),
	Vector3.new(168, 40.0800476, -176.149597),
	Vector3.new(168, 40.3236389, -176.143082),
	Vector3.new(168, 39.3346977, -175.298492),
	Vector3.new(168, 37.5233727, -173.954544),
	Vector3.new(168, 35.8913956, -172.833008),
	Vector3.new(168, 35.0264931, -172.116089),
	Vector3.new(168, 34.7151566, -171.815262),
	Vector3.new(168, 32.6105194, -170.868454),
	Vector3.new(168, 34.8156891, -172.079056),
	Vector3.new(168, 34.963913, -172.187515),
	Vector3.new(168, 34.2788467, -172.217911),
	Vector3.new(168, 33.9158287, -172.849579),
	Vector3.new(168, 33.2352982, -173.479446),
	Vector3.new(168, 32.1439056, -174.247208),
	Vector3.new(168, 31.8811016, -173.500626),
	Vector3.new(168, 32.5969772, -173.003616),
	Vector3.new(168, 33.243351, -172.414017),
	Vector3.new(168, 33.5546646, -171.833572),
	Vector3.new(168, 34.1464844, -172.187027),
	Vector3.new(168, 33.7667847, -172.811859),
	Vector3.new(168, 33.137394, -173.343719),
	Vector3.new(168, 32.2415619, -174.014023),
	Vector3.new(168, 32.189209, -173.852661),
	Vector3.new(168, 33.6475677, -172.699707),
	Vector3.new(168, 33.9396286, -172.221344),
	Vector3.new(168, 33.7840347, -172.153244),
	Vector3.new(168, 33.505394, -172.639343),
	Vector3.new(168, 32.121006, -173.70694),
	Vector3.new(168, 32.0846672, -173.530411),
	Vector3.new(168, 33.3855743, -172.556641),
	Vector3.new(168, 33.6281586, -172.048096),
	Vector3.new(168, 32.837616, -173.488754),
	Vector3.new(168, 31.8579025, -173.477661),
	Vector3.new(168, 31.7603436, -173.181854),
	Vector3.new(168, 31.5498047, -173.051468),
	Vector3.new(168, 31.1098022, -173.077362),
	Vector3.new(168, 30.9203434, -173.208344),
	Vector3.new(168, 30.9575348, -172.554611),
	Vector3.new(168, 30.7348118, -172.266739),
	Vector3.new(168, 30.582859, -171.758255),
	Vector3.new(168, 30.40658, -171.134094),
	Vector3.new(168, 30.3633385, -170.578461),
	Vector3.new(168, 30.3209953, -169.986694),
	Vector3.new(168, 30.3973961, -169.464432),
	Vector3.new(168, 28.4677773, -167.490707),
	Vector3.new(168, 30.451025, -169.440353),
	Vector3.new(168, 30.310318, -169.845566),
	Vector3.new(168, 30.3666916, -170.398407),
	Vector3.new(168, 30.4202042, -171.121353),
	Vector3.new(168, 30.6589012, -172.005859),
	Vector3.new(168, 30.7341537, -172.305817),
	Vector3.new(168, 30.9708996, -172.554672),
	Vector3.new(168, 30.8928833, -173.247726),
	Vector3.new(168, 30.6217728, -173.379471),
	Vector3.new(168, 28.6705093, -172.744034),
	Vector3.new(168, 28.5495014, -173.469574),
	Vector3.new(168, 30.7695999, -174.138077),
	Vector3.new(168, 30.7505207, -173.302567),
	Vector3.new(168, 30.7332783, -174.656509),
	Vector3.new(168, 30.6693382, -176.2043),
	Vector3.new(168, 30.8682461, -178.702408),
	Vector3.new(168, 30.687952, -176.203918),
	Vector3.new(168, 30.769537, -174.073532),
	Vector3.new(168, 31.1883888, -173.716827),
	Vector3.new(168, 32.0466309, -174.147964),
	Vector3.new(168, 31.8477287, -173.901825),
	Vector3.new(168, 31.6369743, -173.229202),
	Vector3.new(168, 31.2138367, -173.23407),
	Vector3.new(168, 30.8966675, -173.440826),
	Vector3.new(168, 30.8789177, -173.733658),
	Vector3.new(168, 31.1604271, -173.497559),
	Vector3.new(168, 31.6854229, -173.792053),
	Vector3.new(168, 31.5302849, -173.409409),
	Vector3.new(168, 31.1962948, -173.388519),
	Vector3.new(168, 31.4676647, -173.481567),
	Vector3.new(168, 30.851675, -173.843674),
	Vector3.new(168, 30.6133461, -173.502823),
	Vector3.new(168, 28.750679, -172.958801),
	Vector3.new(168, 28.7177563, -173.34938),
	Vector3.new(168, 30.6041698, -173.916489),
	Vector3.new(168, 30.5490608, -173.667709),
	Vector3.new(168, 28.8718452, -173.155258),
	Vector3.new(168, 28.8711662, -173.220352),
	Vector3.new(168, 30.5214596, -173.713562),
	Vector3.new(168, 28.4567413, -172.871414),
	Vector3.new(168, 24.1900234, -171.506348),
	Vector3.new(168, 20.4191799, -170.503922),
	Vector3.new(168, 14.4179039, -168.79039),
	Vector3.new(168, 11.8304939, -168.047028),
	Vector3.new(168, 7.92351532, -167.157562),
	Vector3.new(168, 6.28681946, -166.813339),
	Vector3.new(168, 6.13439941, -166.953918),
	Vector3.new(168, 8.99372101, -167.573654),
	Vector3.new(168, 12.6330338, -168.438248),
	Vector3.new(168, 14.8413162, -169.104233),
	Vector3.new(168, 18.2885666, -170.090897),
	Vector3.new(168, 23.7682438, -171.530853),
	Vector3.new(168, 25.5872173, -172.169785),
	Vector3.new(168, 28.4733715, -173.039078),
	Vector3.new(168, 28.4351406, -173.188873),
	Vector3.new(168, 27.0363922, -172.758316),
	Vector3.new(168, 24.8984909, -172.156372),
	Vector3.new(168, 23.650013, -171.675842),
	Vector3.new(168, 21.381218, -171.086548),
	Vector3.new(168, 18.7827377, -170.398621),
	Vector3.new(168, 14.1224823, -169.070526),
	Vector3.new(168, 12.2138405, -168.519516),
	Vector3.new(168, 9.96081924, -168.016144),
	Vector3.new(168, 5.99794388, -167.107361),
	Vector3.new(168, 5.87034988, -167.244232),
	Vector3.new(168, 7.59061813, -167.644974),
	Vector3.new(168, 10.4367599, -168.318176),
	Vector3.new(168, 12.0026283, -168.681229),
	Vector3.new(168, 15.0247688, -169.485413),
	Vector3.new(168, 16.7062645, -170.000748),
	Vector3.new(168, 20.9835606, -171.142227),
	Vector3.new(168, 24.176939, -172.0186),
	Vector3.new(168, 25.3238258, -172.442368),
	Vector3.new(168, 28.4299507, -173.37059),
	Vector3.new(168, 28.4402084, -173.484344),
	Vector3.new(168, 25.7547398, -172.662109),
	Vector3.new(168, 23.7125816, -172.00914),
	Vector3.new(168, 20.563097, -171.18895),
	Vector3.new(168, 16.6042366, -170.050064),
	Vector3.new(168, 14.3412857, -169.387558),
	Vector3.new(168, 10.5435982, -168.470062),
	Vector3.new(168, 7.30027008, -167.65625),
	Vector3.new(168, 7.96530914, -167.443069),
	Vector3.new(168, 10.4957161, -167.991669),
	Vector3.new(168, 12.6449242, -168.803864),
	Vector3.new(168, 18.9942913, -170.542175),
	Vector3.new(168, 25.1628265, -172.104721),
	Vector3.new(168, 26.17169, -172.217911),
	Vector3.new(168, 30.8092003, -174.072098),
	Vector3.new(168, 31.3507328, -173.373611),
	Vector3.new(168, 32.0820694, -174.225204),
	Vector3.new(168, 32.5988312, -176.194733),
	Vector3.new(168, 33.7084618, -179.846649),
	Vector3.new(168, 33.2292709, -177.776962),
	Vector3.new(168, 32.7622108, -176.298218),
	Vector3.new(168, 32.1409836, -174.108337),
	Vector3.new(168, 34.179451, -171.851624),
	Vector3.new(168, 36.3494263, -173.41449),
	Vector3.new(168, 35.8904686, -174.294678),
	Vector3.new(168, 35.1932678, -175.10704),
	Vector3.new(168, 34.0678177, -176.045914),
	Vector3.new(168, 32.9176025, -176.627838),
	Vector3.new(168, 33.174324, -177.275574),
	Vector3.new(168, 34.2074585, -176.606323),
	Vector3.new(168, 35.4180908, -175.58815),
	Vector3.new(168, 36.3214188, -174.784531),
	Vector3.new(168, 36.7830696, -174.040298),
	Vector3.new(168, 36.3617401, -173.714508),
	Vector3.new(168, 36.0380898, -174.356186),
	Vector3.new(168, 35.1661911, -175.331024),
	Vector3.new(168, 34.0605469, -176.220703),
	Vector3.new(168, 33.1166611, -176.738678),
	Vector3.new(168, 33.1611023, -176.916718),
	Vector3.new(168, 34.0870743, -176.363373),
	Vector3.new(168, 35.2483444, -175.480896),
	Vector3.new(168, 36.1639709, -174.501572),
	Vector3.new(168, 36.4129944, -173.919159),
	Vector3.new(168, 36.5390778, -174.072937),
	Vector3.new(168, 36.1612968, -174.753632),
	Vector3.new(168, 34.2026825, -176.451508),
	Vector3.new(168, 33.2523041, -177.039795),
	Vector3.new(168, 32.7708702, -177.088943),
	Vector3.new(168, 32.0313339, -176.711227),
	Vector3.new(168, 31.6480293, -176.696365),
	Vector3.new(168, 31.3627319, -176.814209),
	Vector3.new(168, 30.8610649, -176.989319),
	Vector3.new(168, 30.7947712, -176.406769),
	Vector3.new(168, 31.3478699, -176.164001),
	Vector3.new(168, 32.0999069, -176.126129),
	Vector3.new(168, 32.5239182, -176.322769),
	Vector3.new(168, 32.6464233, -176.850998),
	Vector3.new(168, 32.0660706, -176.560379),
	Vector3.new(168, 31.6565208, -176.564743),
	Vector3.new(168, 30.9994011, -176.813309),
	Vector3.new(168, 30.9883118, -176.503784),
	Vector3.new(168, 31.3875427, -176.300766),
	Vector3.new(168, 32.1292763, -176.313873),
	Vector3.new(168, 32.4085083, -176.462265),
	Vector3.new(168, 32.4452591, -176.574783),
	Vector3.new(168, 32.0227699, -176.392532),
	Vector3.new(168, 31.4414635, -176.434341),
	Vector3.new(168, 31.1006737, -176.620346),
	Vector3.new(168, 30.4660206, -176.383911),
	Vector3.new(168, 29.4750309, -176.051559),
	Vector3.new(168, 25.7674198, -174.965317),
	Vector3.new(168, 24.7843189, -174.624557),
	Vector3.new(168, 23.140892, -174.176956),
	Vector3.new(168, 19.0588017, -173.036972),
	Vector3.new(168, 16.6342926, -172.396133),
	Vector3.new(168, 13.4718513, -171.472229),
	Vector3.new(168, 10.1793404, -170.449707),
	Vector3.new(168, 7.923172, -169.945801),
	Vector3.new(168, 4.54919434, -169.138229),
	Vector3.new(168, 4.12793732, -169.790176),
	Vector3.new(168, 6.03855515, -170.366882),
	Vector3.new(168, 9.10050201, -171.194244),
	Vector3.new(168, 14.0515938, -172.414017),
	Vector3.new(168, 18.091156, -173.475266),
	Vector3.new(168, 21.1526184, -174.367462),
	Vector3.new(168, 22.1553421, -174.622925),
	Vector3.new(168, 21.2338257, -177.11203),
	Vector3.new(168, 22.2215958, -174.623016),
	Vector3.new(168, 24.1967506, -175.30545),
	Vector3.new(168, 28.8538151, -176.69342),
	Vector3.new(168, 30.7135773, -177.173431),
	Vector3.new(168, 30.5100479, -176.601593),
	Vector3.new(168, 28.1645794, -175.854492),
	Vector3.new(168, 25.257412, -175.00386),
	Vector3.new(168, 24.4783268, -174.713165),
	Vector3.new(168, 23.4246216, -174.447327),
	Vector3.new(168, 21.1973743, -173.806931),
	Vector3.new(168, 19.708622, -173.419647),
	Vector3.new(168, 17.6333771, -172.850143),
	Vector3.new(168, 15.0618744, -172.141296),
	Vector3.new(168, 13.2975159, -171.610641),
	Vector3.new(168, 12.0313187, -171.230255),
	Vector3.new(168, 10.5869713, -170.74028),
	Vector3.new(168, 9.57586288, -170.520584),
	Vector3.new(168, 7.54709625, -170.008362),
	Vector3.new(168, 6.15087128, -169.703125),
	Vector3.new(168, 5.02811432, -169.454636),
	Vector3.new(168, 4.58308792, -169.33519),
	Vector3.new(168, 4.52301407, -169.512604),
	Vector3.new(168, 5.19419861, -169.656265),
	Vector3.new(168, 6.5618782, -169.982559),
	Vector3.new(168, 9.92102432, -170.765854),
	Vector3.new(168, 10.5879707, -170.938889),
	Vector3.new(168, 13.4434204, -171.854568),
	Vector3.new(168, 14.900547, -172.295197),
	Vector3.new(168, 16.7318382, -172.798798),
	Vector3.new(168, 19.150322, -173.46022),
	Vector3.new(168, 21.0303268, -173.936142),
	Vector3.new(168, 23.404583, -174.629059),
	Vector3.new(168, 24.4617004, -174.893677),
	Vector3.new(168, 26.9960175, -175.711166),
	Vector3.new(168, 30.3982944, -176.75853),
	Vector3.new(168, 30.4775677, -176.92569),
	Vector3.new(168, 29.0611515, -176.501175),
	Vector3.new(168, 27.4525166, -176.022079),
	Vector3.new(168, 29.7916985, -176.803391),
	Vector3.new(168, 27.3923893, -176.126587),
	Vector3.new(168, 29.3458633, -176.849274),
	Vector3.new(168, 29.0984592, -177.876602),
	Vector3.new(168, 28.5501156, -179.64476),
	Vector3.new(168, 27.8556347, -181.700882),
	Vector3.new(168, 27.5834007, -182.29335),
	Vector3.new(168, 28.6608257, -179.479813),
	Vector3.new(168, 27.8027649, -179.146149),
	Vector3.new(168, 26.7574444, -178.800293),
	Vector3.new(168, 26.024992, -178.682693),
	Vector3.new(168, 26.7004452, -178.781769),
	Vector3.new(168, 28.6313419, -179.46051),
	Vector3.new(168, 29.3857117, -176.85083),
	Vector3.new(168, 27.2608967, -175.975708),
	Vector3.new(168, 24.3454475, -175.018448),
	Vector3.new(168, 23.2108517, -174.797714),
	Vector3.new(168, 27.2770767, -176.138428),
	Vector3.new(168, 23.2391987, -174.737839),
	Vector3.new(168, 23.0349026, -174.751068),
	Vector3.new(168, 21.8106251, -174.355133),
	Vector3.new(168, 20.4198399, -173.976028),
	Vector3.new(168, 19.6622028, -173.735062),
	Vector3.new(168, 18.5021782, -173.457809),
	Vector3.new(168, 16.1607399, -172.790833),
	Vector3.new(168, 14.6985931, -172.402802),
	Vector3.new(168, 13.3271904, -172.031097),
	Vector3.new(168, 11.6698532, -171.459732),
	Vector3.new(168, 9.76689911, -170.898514),
	Vector3.new(168, 8.30449677, -170.591782),
	Vector3.new(168, 5.44166946, -169.903854),
	Vector3.new(168, 4.44026566, -169.620163),
	Vector3.new(168, 4.33835983, -169.72493),
	Vector3.new(168, 6.83744049, -170.410446),
	Vector3.new(168, 9.81111526, -171.100327),
	Vector3.new(168, 13.1159859, -172.109756),
	Vector3.new(168, 7.83908844, -170.789505),
	Vector3.new(168, 14.7974358, -172.149689),
	Vector3.new(168, 23.0794067, -174.588608),
	Vector3.new(168, 22.1475697, -174.562042),
	Vector3.new(168, 21.7829113, -175.572205),
	Vector3.new(168, 20.3181896, -175.03241),
	Vector3.new(168, 18.6997089, -174.636154),
	Vector3.new(168, 17.5917549, -174.419662),
	Vector3.new(168, 17.0681877, -174.471085),
	Vector3.new(168, 16.0747604, -176.872589),
	Vector3.new(168, 15.2571068, -179.568573),
	Vector3.new(168, 15.8248291, -179.840485),
	Vector3.new(168, 17.6325531, -180.382584),
	Vector3.new(168, 19.9606972, -180.856491),
	Vector3.new(168, 20.6840954, -178.719025),
	Vector3.new(168, 19.737978, -181.53157),
	Vector3.new(168, 18.4379158, -181.463104),
	Vector3.new(168, 16.5259361, -180.969849),
	Vector3.new(168, 14.7113762, -180.377701),
	Vector3.new(168, 14.2099113, -179.913177),
	Vector3.new(168, 14.9559593, -177.327881),
	Vector3.new(168, 15.6194229, -175.447525),
	Vector3.new(168, 16.4597778, -173.567993),
	Vector3.new(168, 17.8043137, -173.485107),
	Vector3.new(168, 21.991806, -174.731384),
	Vector3.new(168, 21.9341621, -174.86441),
	Vector3.new(168, 17.7534866, -173.624054),
	Vector3.new(168, 17.283535, -173.663422),
	Vector3.new(168, 21.9022217, -175.021957),
	Vector3.new(168, 21.7940807, -175.156265),
	Vector3.new(168, 17.0192947, -173.666077),
	Vector3.new(168, 16.7430229, -173.680359),
	Vector3.new(168, 21.8241386, -175.302353),
	Vector3.new(168, 21.7905674, -175.424866),
	Vector3.new(168, 16.4914055, -173.682861),
	Vector3.new(168, 16.4755936, -173.786972),
	Vector3.new(168, 18.9086266, -174.5513),
	Vector3.new(168, 17.7877655, -174.34729),
	Vector3.new(168, 16.4567184, -173.972702),
	Vector3.new(168, 16.3797379, -174.101486),
	Vector3.new(168, 17.266777, -174.304565),
	Vector3.new(168, 16.9600563, -174.436584),
	Vector3.new(168, 16.2890968, -174.265915),
	Vector3.new(168, 14.9545822, -177.811691),
	Vector3.new(168, 14.4082603, -179.819855),
	Vector3.new(168, 14.503891, -179.941742),
	Vector3.new(168, 15.1746292, -177.683746),
	Vector3.new(168, 16.3654594, -174.47673),
	Vector3.new(168, 16.5933342, -174.533875),
	Vector3.new(168, 15.3666153, -177.607086),
	Vector3.new(168, 14.6369934, -180.09137),
	Vector3.new(168, 14.7219963, -180.186935),
	Vector3.new(168, 15.5631714, -177.428726),
	Vector3.new(168, 16.7384148, -174.54454),
	Vector3.new(168, 16.8832741, -174.567047),
	Vector3.new(168, 15.7004013, -177.44133),
	Vector3.new(168, 14.8870697, -180.242371),
	Vector3.new(168, 16.7658272, -180.874329),
	Vector3.new(168, 18.3465652, -181.264694),
	Vector3.new(168, 19.6432724, -181.417175),
	Vector3.new(168, 19.7480259, -180.994965),
	Vector3.new(168, 17.4846191, -180.547012),
	Vector3.new(168, 15.6243286, -179.988358),
	Vector3.new(168, 15.1989899, -179.702591),
	Vector3.new(168, 15.1746025, -179.931763),
	Vector3.new(168, 15.4991264, -180.177917),
	Vector3.new(168, 17.861618, -180.826904),
	Vector3.new(168, 19.5882168, -181.106094),
	Vector3.new(168, 19.5621033, -181.26088),
	Vector3.new(168, 17.8590508, -180.98024),
	Vector3.new(168, 15.5856056, -180.273895),
	Vector3.new(168, 15.0752449, -180.107437),
	Vector3.new(168, 15.3769379, -176.550095),
	Vector3.new(168, 14.0730171, -176.258911),
	Vector3.new(168, 12.2529411, -175.696701),
	Vector3.new(168, 13.7720604, -176.183853),
	Vector3.new(168, 15.466629, -176.508408),
	Vector3.new(168, 14.5857964, -179.767395),
	Vector3.new(168, 19.8087273, -181.395325),
	Vector3.new(168, 19.7369843, -181.799652),
	Vector3.new(168, 20.5805035, -181.753662),
	Vector3.new(168, 23.0046177, -181.718994),
	Vector3.new(168, 20.6261883, -181.753662),
	Vector3.new(168, 19.4639034, -181.822632),
	Vector3.new(168, 17.458168, -181.959869),
	Vector3.new(168, 16.4959793, -182.304993),
	Vector3.new(168, 13.2066765, -182.843536),
	Vector3.new(168, 16.7086792, -182.259003),
	Vector3.new(168, 17.4153671, -181.902405),
	Vector3.new(168, 16.2683411, -181.651077),
	Vector3.new(168, 14.3089561, -181.31427),
	Vector3.new(168, 12.2571297, -180.644836),
	Vector3.new(168, 10.9463997, -179.90741),
	Vector3.new(168, 9.1470871, -178.671753),
	Vector3.new(168, 6.83074951, -176.85498),
	Vector3.new(168, 5.62887192, -175.634247),
	Vector3.new(168, 4.12919235, -174.14061),
	Vector3.new(168, 3.20810318, -172.819214),
	Vector3.new(168, 3.87353897, -171.434418),
	Vector3.new(168, 4.71915436, -170.525055),
	Vector3.new(168, 5.415802, -170.173599),
	Vector3.new(168, 4.72822571, -170.516342),
	Vector3.new(168, 3.93829727, -171.398376),
	Vector3.new(168, 3.23709106, -172.781921),
	Vector3.new(168, 4.1482811, -174.169815),
	Vector3.new(168, 6.7942009, -176.854965),
	Vector3.new(168, 9.43479156, -178.86554),
	Vector3.new(168, 11.6264305, -180.345901),
	Vector3.new(168, 12.3382721, -180.626755),
	Vector3.new(168, 14.3514175, -181.333923),
	Vector3.new(168, 17.4513969, -181.912613),
	Vector3.new(168, 19.6866417, -181.848373),
	Vector3.new(168, 19.3413048, -182.612823),
	Vector3.new(168, 18.6124058, -183.609436),
	Vector3.new(168, 17.3000984, -184.762909),
	Vector3.new(168, 18.3851128, -184.285706),
	Vector3.new(168, 19.5479431, -184.047531),
	Vector3.new(168, 18.490818, -184.762772),
	Vector3.new(168, 17.604351, -185.311325),
	Vector3.new(168, 17.2497787, -184.873795),
	Vector3.new(168, 16.2893639, -184.384659),
	Vector3.new(168, 15.127491, -184.101196),
	Vector3.new(168, 14.1054382, -184.151505),
	Vector3.new(168, 12.7723579, -184.317963),
	Vector3.new(168, 11.5773201, -185.323074),
	Vector3.new(168, 10.7619095, -186.345291),
	Vector3.new(168, 10.5586205, -187.541504),
	Vector3.new(168, 10.593544, -189.123276),
	Vector3.new(168, 10.7990379, -190.615677),
	Vector3.new(168, 11.359642, -193.413513),
	Vector3.new(168, 11.7715912, -194.014099),
	Vector3.new(168, 12.2369041, -194.377457),
	Vector3.new(168, 13.2769585, -194.432068),
	Vector3.new(168, 16.240242, -194.190002),
	Vector3.new(168, 18.0478745, -193.814224),
	Vector3.new(168, 19.106245, -193.168411),
	Vector3.new(168, 18.4160728, -191.735596),
	Vector3.new(168, 17.8788223, -189.567657),
	Vector3.new(168, 17.7786446, -188.105545),
	Vector3.new(168, 17.8263702, -186.406815),
	Vector3.new(168, 17.8538437, -185.740265),
	Vector3.new(168, 17.6015549, -185.360077),
	Vector3.new(168, 17.1123543, -185.868973),
	Vector3.new(168, 16.7797089, -186.41185),
	Vector3.new(168, 16.6994247, -186.999664),
	Vector3.new(168, 16.6257896, -187.452881),
	Vector3.new(168, 16.8600006, -187.734207),
	Vector3.new(168, 16.9459419, -188.638809),
	Vector3.new(168, 17.0943336, -189.989761),
	Vector3.new(168, 17.3468132, -190.997147),
	Vector3.new(168, 17.6258163, -192.309631),
	Vector3.new(168, 18.2009926, -193.563934),
	Vector3.new(168, 16.2747116, -194.209442),
	Vector3.new(168, 13.2213097, -194.450699),
	Vector3.new(168, 12.9414177, -194.246368),
	Vector3.new(168, 12.3716316, -192.70816),
	Vector3.new(168, 11.869133, -190.732147),
	Vector3.new(168, 11.6273804, -188.906708),
	Vector3.new(168, 11.9118118, -187.678741),
	Vector3.new(168, 12.48246, -186.831497),
	Vector3.new(168, 13.5111008, -186.182007),
	Vector3.new(168, 14.5578651, -186.329208),
	Vector3.new(168, 15.8618507, -186.878738),
	Vector3.new(168, 16.5157814, -187.378876),
	Vector3.new(168, 16.6009254, -186.373413),
	Vector3.new(168, 17.0007668, -185.702255),
	Vector3.new(168, 17.4130936, -185.348282),
	Vector3.new(168, 17.1087723, -184.990051),
	Vector3.new(168, 16.2067833, -184.565826),
	Vector3.new(168, 15.0700912, -184.268906),
	Vector3.new(168, 12.8209839, -184.461899),
	Vector3.new(168, 11.6787148, -185.438797),
	Vector3.new(168, 10.9270515, -186.379517),
	Vector3.new(168, 10.7150002, -187.561813),
	Vector3.new(168, 10.7364006, -189.129074),
	Vector3.new(168, 11.5113068, -188.914932),
	Vector3.new(168, 11.7399445, -187.607803),
	Vector3.new(168, 12.350296, -186.740372),
	Vector3.new(168, 13.5163422, -185.955399),
	Vector3.new(168, 14.6752396, -186.176193),
	Vector3.new(168, 15.9350929, -186.699524),
	Vector3.new(168, 16.3759804, -187.113953),
	Vector3.new(168, 16.4135628, -186.345078),
	Vector3.new(168, 16.8391991, -185.562653),
	Vector3.new(168, 17.2141495, -185.328369),
	Vector3.new(168, 16.9314651, -185.107437),
	Vector3.new(168, 16.0389938, -184.70047),
	Vector3.new(168, 15.0423622, -184.463837),
	Vector3.new(168, 12.8484039, -184.645737),
	Vector3.new(168, 11.7789497, -185.563828),
	Vector3.new(168, 11.0627022, -186.456406),
	Vector3.new(168, 10.8712845, -187.61557),
	Vector3.new(168, 10.9202652, -188.90155),
	Vector3.new(168, 11.3756714, -188.80542),
	Vector3.new(168, 11.5953331, -187.453796),
	Vector3.new(168, 12.2136955, -186.61644),
	Vector3.new(168, 13.5003548, -185.733917),
	Vector3.new(168, 14.899292, -186.009659),
	Vector3.new(168, 16.0068932, -186.521866),
	Vector3.new(168, 16.2525787, -186.791931),
	Vector3.new(168, 16.23106, -186.328552),
	Vector3.new(168, 16.7049255, -185.407227),
	Vector3.new(168, 16.9580612, -185.335693),
	Vector3.new(168, 15.9440994, -184.871353),
	Vector3.new(168, 14.9812202, -184.646194),
	Vector3.new(168, 12.8862305, -184.826569),
	Vector3.new(168, 11.8758545, -185.737793),
	Vector3.new(168, 11.2510109, -186.494843),
	Vector3.new(168, 11.0253487, -187.628128),
	Vector3.new(168, 11.0736923, -188.713776),
	Vector3.new(168, 11.256218, -188.671753),
	Vector3.new(168, 11.4452705, -187.342102),
	Vector3.new(168, 12.117382, -186.471252),
	Vector3.new(168, 13.4995384, -185.541763),
	Vector3.new(168, 15.0041161, -185.834015),
	Vector3.new(168, 16.1277695, -186.407959),
	Vector3.new(168, 16.5353394, -185.344284),
	Vector3.new(168, 15.8217812, -185.028397),
	Vector3.new(168, 14.9146881, -184.840805),
	Vector3.new(168, 12.9206314, -185.024902),
	Vector3.new(168, 11.9587746, -185.908478),
	Vector3.new(168, 11.4200363, -186.566864),
	Vector3.new(168, 11.1781998, -187.62294),
	Vector3.new(168, 11.2025185, -188.4095),
	Vector3.new(168, 11.4216194, -187.144943),
	Vector3.new(168, 12.0744324, -186.255798),
	Vector3.new(168, 13.5236893, -185.367371),
	Vector3.new(168, 15.0545235, -185.66568),
	Vector3.new(168, 16.0225945, -186.18306),
	Vector3.new(168, 16.3360176, -185.447449),
	Vector3.new(168, 15.7709923, -185.207184),
	Vector3.new(168, 14.8544769, -185.016754),
	Vector3.new(168, 12.9737625, -185.199661),
	Vector3.new(168, 12.0616341, -185.999695),
	Vector3.new(168, 11.5499077, -186.589066),
	Vector3.new(168, 11.4498177, -186.910263),
	Vector3.new(168, 12.1068382, -186.064545),
	Vector3.new(168, 13.4220886, -185.305267),
	Vector3.new(168, 12.6643333, -185.605591),
	Vector3.new(168, 13.1751137, -185.281158),
	Vector3.new(168, 13.6655235, -185.245819),
	Vector3.new(168, 15.1103401, -185.509552),
	Vector3.new(168, 15.9477882, -185.972183),
	Vector3.new(168, 16.1422119, -185.561768),
	Vector3.new(168, 15.7003212, -185.334747),
	Vector3.new(168, 14.8204117, -185.173294),
	Vector3.new(168, 14.0547256, -185.20079),
	Vector3.new(168, 15.0941544, -185.355316),
	Vector3.new(168, 15.867424, -185.747742),
	Vector3.new(168, 15.9574547, -185.654861),
	Vector3.new(168, 15.4141541, -185.363495),
	Vector3.new(168, 15.9243736, -186.561905),
	Vector3.new(168, 14.7881889, -186.120422),
	Vector3.new(168, 13.4780235, -185.890442),
	Vector3.new(168, 13.4981079, -186.020874),
	Vector3.new(168, 13.923214, -186.151016),
	Vector3.new(168, 13.8660126, -186.941956),
	Vector3.new(168, 14.1098137, -186.988983),
	Vector3.new(168, 14.3835297, -187.259308),
	Vector3.new(168, 14.4395218, -187.491867),
	Vector3.new(168, 14.2874718, -187.747147),
	Vector3.new(168, 14.0725784, -187.899597),
	Vector3.new(168, 13.8165092, -187.905228),
	Vector3.new(168, 13.602562, -187.764786),
	Vector3.new(168, 13.476757, -187.653503),
	Vector3.new(168, 13.4537811, -187.358887),
	Vector3.new(168, 13.4759254, -187.169434),
	Vector3.new(168, 13.8134346, -186.935257),
	Vector3.new(168, 14.297802, -187.361267),
	Vector3.new(168, 14.132515, -187.704758),
	Vector3.new(168, 13.8975639, -187.752274),
	Vector3.new(168, 13.6374245, -187.592117),
	Vector3.new(168, 13.6135864, -187.264282),
	Vector3.new(168, 13.8127518, -187.116165),
	Vector3.new(168, 13.8587837, -187.190414),
	Vector3.new(168, 13.785511, -187.30542),
	Vector3.new(168, 13.8047867, -187.462311),
	Vector3.new(168, 13.89785, -187.579376),
	Vector3.new(168, 14.0516853, -187.586853),
	Vector3.new(168, 14.2186508, -187.504852),
	Vector3.new(168, 14.2246017, -187.388367),
	Vector3.new(168, 14.1506157, -187.251984),
	Vector3.new(168, 13.9912148, -187.197449),
	Vector3.new(168, 13.8727303, -186.881989),
	Vector3.new(168, 13.9130554, -186.195053),
	Vector3.new(168, 15.7204857, -186.563324),
	Vector3.new(168, 16.154686, -187.09964),
	Vector3.new(168, 15.8394318, -187.719315),
	Vector3.new(168, 16.1025467, -187.917526),
	Vector3.new(168, 16.2211304, -188.074402),
	Vector3.new(168, 16.2274246, -188.318176),
	Vector3.new(168, 16.0756798, -188.476196),
	Vector3.new(168, 15.836628, -188.576065),
	Vector3.new(168, 15.5557671, -188.508286),
	Vector3.new(168, 15.3997345, -188.405746),
	Vector3.new(168, 15.4524689, -187.949295),
	Vector3.new(168, 15.7320442, -187.760834),
	Vector3.new(168, 15.7423134, -188.000458),
	Vector3.new(168, 15.8892746, -188.058136),
	Vector3.new(168, 15.9415588, -188.143982),
	Vector3.new(168, 15.9497375, -188.316162),
	Vector3.new(168, 15.8279037, -188.380157),
	Vector3.new(168, 15.688385, -188.357468),
	Vector3.new(168, 15.6304359, -188.292297),
	Vector3.new(168, 15.6330338, -188.18483),
	Vector3.new(168, 15.6702919, -188.085236),
	Vector3.new(168, 15.6577187, -187.945786),
	Vector3.new(168, 15.5615005, -188.115509),
	Vector3.new(168, 15.5787354, -188.384064),
	Vector3.new(168, 15.9070015, -188.440552),
	Vector3.new(168, 16.097805, -188.227722),
	Vector3.new(168, 16.0336494, -188.051926),
	Vector3.new(168, 15.8472939, -187.891998),
	Vector3.new(168, 15.8847885, -187.666931),
	Vector3.new(168, 16.1538429, -187.083847),
	Vector3.new(168, 14.2644424, -185.616455),
	Vector3.new(168, 12.4297142, -186.084442),
	Vector3.new(168, 11.6203575, -187.286453),
	Vector3.new(168, 11.7748528, -188.180237),
	Vector3.new(168, 12.2441292, -188.275116),
	Vector3.new(168, 12.509903, -188.149979),
	Vector3.new(168, 12.7629623, -188.201019),
	Vector3.new(168, 12.9193993, -188.393799),
	Vector3.new(168, 12.9340363, -188.623474),
	Vector3.new(168, 12.7255821, -188.78801),
	Vector3.new(168, 12.5662842, -188.873749),
	Vector3.new(168, 12.3999519, -188.770386),
	Vector3.new(168, 12.2226677, -188.631577),
	Vector3.new(168, 12.1796722, -188.373886),
	Vector3.new(168, 12.4230423, -188.336258),
	Vector3.new(168, 12.5446968, -188.276443),
	Vector3.new(168, 12.6885719, -188.33139),
	Vector3.new(168, 12.7439499, -188.443985),
	Vector3.new(168, 12.7544403, -188.526337),
	Vector3.new(168, 12.6666527, -188.616211),
	Vector3.new(168, 12.5954971, -188.674377),
	Vector3.new(168, 12.4789543, -188.613739),
	Vector3.new(168, 12.4001808, -188.566162),
	Vector3.new(168, 12.3652115, -188.436661),
	Vector3.new(168, 12.1311607, -188.251663),
	Vector3.new(168, 11.8099098, -188.202042),
	Vector3.new(168, 12.2655067, -185.880295),
	Vector3.new(168, 15.7468185, -186.047592),
	Vector3.new(168, 17.618351, -185.345581),
	Vector3.new(168, 17.8842583, -185.749527),
	Vector3.new(168, 17.7762909, -188.072006),
	Vector3.new(168, 17.9221764, -189.514969),
	Vector3.new(168, 18.8483124, -189.653229),
	Vector3.new(168, 21.1725731, -189.606689),
	Vector3.new(168, 21.5993519, -189.28978),
	Vector3.new(168, 22.4664116, -188.477844),
	Vector3.new(168, 24.0995026, -187.938873),
	Vector3.new(168, 25.6476555, -187.864731),
	Vector3.new(168, 28.3591919, -187.3564),
	Vector3.new(168, 31.2842941, -186.418991),
	Vector3.new(168, 31.7779007, -185.850571),
	Vector3.new(168, 32.2923279, -185.25589),
	Vector3.new(168, 33.4723854, -183.907288),
	Vector3.new(168, 35.2101593, -181.82341),
	Vector3.new(168, 36.0574951, -180.818619),
	Vector3.new(168, 36.5558739, -181.206329),
	Vector3.new(168, 36.208107, -181.750443),
	Vector3.new(168, 35.4417267, -182.773209),
	Vector3.new(168, 33.9177361, -184.693466),
	Vector3.new(168, 32.7270813, -185.965958),
	Vector3.new(168, 33.7410431, -187.190582),
	Vector3.new(168, 34.6539459, -188.182495),
	Vector3.new(168, 35.1326447, -189.263245),
	Vector3.new(168, 34.6463776, -188.267731),
	Vector3.new(168, 33.7654648, -187.182404),
	Vector3.new(168, 32.6417618, -185.933502),
	Vector3.new(168, 31.9879169, -185.352112),
	Vector3.new(168, 30.460907, -183.941483),
	Vector3.new(168, 29.1158581, -183.102448),
	Vector3.new(168, 30.3293476, -183.861237),
	Vector3.new(168, 32.0936623, -185.428864),
	Vector3.new(168, 32.3533478, -185.467102),
	Vector3.new(168, 36.1546326, -180.947433),
	Vector3.new(168, 35.6548843, -180.451294),
	Vector3.new(168, 35.4669609, -179.888275),
	Vector3.new(168, 35.3982964, -179.497192),
	Vector3.new(168, 35.3616028, -179.171158),
	Vector3.new(168, 35.6142159, -178.954941),
	Vector3.new(168, 36.1332779, -178.940247),
	Vector3.new(168, 35.5054932, -178.425629),
	Vector3.new(168, 35.1617126, -178.052933),
	Vector3.new(168, 34.9587135, -177.714722),
	Vector3.new(168, 34.9321785, -177.156555),
	Vector3.new(168, 34.9245911, -176.687012),
	Vector3.new(168, 35.1255531, -176.546112),
	Vector3.new(168, 35.622345, -176.649384),
	Vector3.new(168, 36.5614281, -177.08989),
	Vector3.new(168, 36.196373, -176.652832),
	Vector3.new(168, 36.0862274, -176.190033),
	Vector3.new(168, 36.0807037, -175.732712),
	Vector3.new(168, 36.4626961, -175.621216),
	Vector3.new(168, 37.5091476, -175.829559),
	Vector3.new(168, 38.9631577, -176.183517),
	Vector3.new(168, 39.8874016, -176.261337),
	Vector3.new(168, 38.1923599, -174.274246),
	Vector3.new(168, 36.5210533, -173.811615),
	Vector3.new(168, 35.3322372, -175.206299),
	Vector3.new(168, 33.0060654, -177.01265),
	Vector3.new(168, 31.7221165, -176.480743),
	Vector3.new(168, 29.3284111, -176.679474),
	Vector3.new(168, 29.3645916, -176.906067),
	Vector3.new(168, 28.6356945, -179.494354),
	Vector3.new(168, 27.5892868, -182.209564),
	Vector3.new(168, 28.1238327, -182.644028),
	Vector3.new(168, 27.4825191, -182.192535),
	Vector3.new(168, 26.4272022, -181.96051),
	Vector3.new(168, 25.4581203, -181.678925),
	Vector3.new(168, 24.7938118, -181.766937),
	Vector3.new(168, 25.4508266, -181.647873),
	Vector3.new(168, 27.6066113, -182.249817),
	Vector3.new(168, 28.5922089, -179.387802),
	Vector3.new(168, 29.4754753, -176.698242),
	Vector3.new(168, 24.3648109, -174.848175),
	Vector3.new(168, 21.9262753, -174.136902),
	Vector3.new(168, 17.169384, -174.031525),
	Vector3.new(168, 16.3883438, -174.706665),
	Vector3.new(168, 15.7873383, -176.291931),
	Vector3.new(168, 14.7208862, -179.462494),
	Vector3.new(168, 16.4849167, -180.682526),
	Vector3.new(168, 19.837986, -181.442673),
	Vector3.new(168, 19.7488937, -181.819855),
	Vector3.new(168, 19.3565102, -182.587784),
	Vector3.new(168, 18.568924, -183.663605),
	Vector3.new(168, 17.1835098, -184.806625),
	Vector3.new(168, 15.8363914, -185.007294),
	Vector3.new(168, 11.9063263, -185.942093),
	Vector3.new(168, 10.6521187, -189.174561),
	Vector3.new(168, 10.7157593, -190.320526),
	Vector3.new(168, 10.2074051, -190.633759),
	Vector3.new(168, 9.36180496, -190.736862),
	Vector3.new(168, 6.87654495, -190.822235),
	Vector3.new(168, 5.47898483, -190.883743),
	Vector3.new(168, 4.85309982, -191.025742),
	Vector3.new(168, 4.45048141, -191.234375),
	Vector3.new(168, 4.11236191, -191.61615),
	Vector3.new(168, 3.53865814, -191.866104),
	Vector3.new(168, 2.20447159, -192.152603),
	Vector3.new(168, 0.145309448, -192.166809),
	Vector3.new(168, 1.06161118, -192.602478),
	Vector3.new(168, 0.154727936, -193.057037),
	Vector3.new(168, 0.128578186, -192.233429),
	Vector3.new(168, 0.138656616, -190.457855),
	Vector3.new(168, 0.108985901, -187.155548),
	Vector3.new(168, 0.0789337158, -185.166351),
	Vector3.new(168, 0.0550599098, -181.209488),
	Vector3.new(168, 0.085436821, -177.393585),
	Vector3.new(168, 0.11145401, -176.260223),
	Vector3.new(168, 0.122684479, -181.328552),
	Vector3.new(168, 0.617038727, -181.323517),
	Vector3.new(168, 1.08649445, -180.81546),
	Vector3.new(168, 4.50501633, -181.305099),
	Vector3.new(168, 9.04821777, -182.133209),
	Vector3.new(168, 13.1929131, -182.789429),
	Vector3.new(168, 11.8263512, -183.370544),
	Vector3.new(168, 8.81354523, -183.985367),
	Vector3.new(168, 5.32632828, -184.766373),
	Vector3.new(168, 2.95265198, -185.252808),
	Vector3.new(168, 0.203670502, -185.751144),
	Vector3.new(168, 0.134849548, -183.739914),
	Vector3.new(168, 3.43415833, -183.195572),
	Vector3.new(168, 6.36140823, -182.652466),
	Vector3.new(168, 8.85574341, -182.201126),
	Vector3.new(168, 5.91481781, -182.711105),
	Vector3.new(168, 2.99431992, -182.322891),
	Vector3.new(168, 1.15268707, -182.249771),
	Vector3.new(168, 0.223072052, -182.224503),
	Vector3.new(168, 5.3879776, -182.74794),
	Vector3.new(168, 0.184524536, -182.38324),
	Vector3.new(168, 0.173278809, -182.543289),
	Vector3.new(168, 4.75563049, -182.834595),
	Vector3.new(168, 4.24832535, -182.93277),
	Vector3.new(168, 0.175273895, -182.710892),
	Vector3.new(168, 0.178386688, -182.840714),
	Vector3.new(168, 3.71289062, -183.031219),
	Vector3.new(168, 3.07278824, -183.137238),
	Vector3.new(168, 0.22177124, -182.990662),
	Vector3.new(168, 0.2045784, -183.122467),
	Vector3.new(168, 2.45391464, -183.236328),
	Vector3.new(168, 1.56481552, -183.384476),
	Vector3.new(168, 0.165626526, -183.295135),
	Vector3.new(168, 0.175430298, -183.435303),
	Vector3.new(168, 1.09968948, -183.47551),
	Vector3.new(168, 0.163299561, -183.62381),
	Vector3.new(168, 0.184741974, -185.708481),
	Vector3.new(168, 0.155315399, -192.195053),
	Vector3.new(168, 1.04263687, -192.556686),
	Vector3.new(168, 1.76645279, -192.554047),
	Vector3.new(168, 3.8858757, -192.506821),
	Vector3.new(168, 4.73608017, -192.029175),
	Vector3.new(168, 5.01337433, -191.683563),
	Vector3.new(168, 4.49114609, -191.333801),
	Vector3.new(168, 5.30002213, -191.819702),
	Vector3.new(168, 7.03201675, -192.457367),
	Vector3.new(168, 8.64050674, -193.242828),
	Vector3.new(168, 6.93274307, -192.433334),
	Vector3.new(168, 5.35945129, -191.872757),
	Vector3.new(168, 4.96195984, -191.608719),
	Vector3.new(168, 4.49105835, -191.348511),
	Vector3.new(168, 3.72127914, -191.07045),
	Vector3.new(168, 1.79434586, -190.252625),
	Vector3.new(168, 0.720020294, -189.726166),
	Vector3.new(168, 0.256950378, -189.568649),
	Vector3.new(168, 0.259284973, -191.26236),
	Vector3.new(168, 2.16694641, -192.160507),
	Vector3.new(168, 0.222236633, -192.12796),
	Vector3.new(168, 1.07060623, -192.63356),
	Vector3.new(168, 2.86789322, -193.013458),
	Vector3.new(168, 4.56472397, -193.557617),
	Vector3.new(168, 5.3766861, -193.705414),
	Vector3.new(168, 4.18390274, -193.498123),
	Vector3.new(168, 0.969944, -192.557281),
	Vector3.new(168, 3.91884995, -192.478317),
	Vector3.new(168, 4.7808876, -192.056442),
	Vector3.new(168, 5.08894348, -191.62793),
	Vector3.new(168, 5.53169632, -191.42543),
	Vector3.new(168, 6.0773201, -191.426285),
	Vector3.new(168, 7.28614044, -192.466995),
	Vector3.new(168, 6.05887604, -191.417023),
	Vector3.new(168, 5.10124588, -190.770035),
	Vector3.new(168, 4.18922043, -190.150742),
	Vector3.new(168, 2.61566544, -188.869812),
	Vector3.new(168, 1.94843674, -188.373291),
	Vector3.new(168, 1.32597351, -187.822052),
	Vector3.new(168, 2.3081131, -187.138855),
	Vector3.new(168, 4.48760223, -186.578293),
	Vector3.new(168, 7.85840607, -186.423645),
	Vector3.new(168, 8.57814026, -188.183762),
	Vector3.new(168, 9.44252777, -190.689896),
	Vector3.new(168, 5.5507164, -190.878372),
	Vector3.new(168, 4.66310501, -191.287918),
	Vector3.new(168, 5.02445221, -191.454117),
	Vector3.new(168, 5.62884521, -191.258667),
	Vector3.new(168, 5.46426773, -191.133255),
	Vector3.new(168, 4.94246674, -191.309616),
	Vector3.new(168, 4.78966904, -191.741241),
	Vector3.new(168, 4.40707779, -192.029129),
	Vector3.new(168, 3.8937912, -192.317581),
	Vector3.new(168, 0.788036346, -192.335602),
	Vector3.new(168, 2.51927948, -192.181992),
	Vector3.new(168, 3.88644409, -192.199265),
	Vector3.new(168, 4.73517227, -191.624527),
	Vector3.new(168, 4.5002594, -191.516113),
	Vector3.new(168, 3.86096573, -192.081253),
	Vector3.new(168, 3.08358383, -192.032715),
	Vector3.new(168, 3.99095535, -191.868195),
	Vector3.new(168, 4.41967773, -191.400223),
	Vector3.new(168, 5.72367859, -190.993118),
	Vector3.new(168, 10.2656021, -190.838715),
	Vector3.new(168, 10.6269684, -190.536865),
	Vector3.new(168, 10.7113953, -190.736969),
	Vector3.new(168, 10.3760147, -190.983337),
	Vector3.new(168, 5.81103134, -191.126785),
	Vector3.new(168, 6.1721611, -191.3116),
	Vector3.new(168, 10.2489243, -191.155777),
	Vector3.new(168, 10.6860962, -190.899384),
	Vector3.new(168, 9.29713821, -191.321457),
	Vector3.new(168, 6.21169662, -191.388824),
	Vector3.new(168, 9.58306503, -190.948212),
	Vector3.new(168, 9.74965286, -191.289856),
	Vector3.new(168, 10.156002, -192.401474),
	Vector3.new(168, 10.9684296, -193.555267),
	Vector3.new(168, 11.3472366, -193.441299),
	Vector3.new(168, 9.0446434, -194.029083),
	Vector3.new(168, 6.44826508, -194.448212),
	Vector3.new(168, 3.42110062, -194.978729),
	Vector3.new(168, 0.382591248, -195.585846),
	Vector3.new(168, 0.173648834, -195.635742),
	Vector3.new(168, 0.117576599, -192.898468),
	Vector3.new(168, 0.0991835594, -196.011383),
	Vector3.new(168, 2.10806656, -195.57402),
	Vector3.new(168, 4.62807083, -195.244049),
	Vector3.new(168, 8.44639969, -194.637573),
	Vector3.new(168, 10.0758553, -194.364227),
	Vector3.new(168, 11.6050186, -193.975677),
	Vector3.new(168, 11.3139725, -193.633331),
	Vector3.new(168, 8.98140335, -194.218933),
	Vector3.new(168, 5.67684174, -194.724243),
	Vector3.new(168, 2.37122345, -195.343567),
	Vector3.new(168, 0.184761047, -195.804062),
	Vector3.new(168, 2.78662109, -195.385391),
	Vector3.new(168, 5.80919647, -194.878662),
	Vector3.new(168, 8.26620483, -194.444702),
	Vector3.new(168, 9.54569626, -194.285126),
	Vector3.new(168, 11.3421783, -193.822632),
	Vector3.new(168, 9.98929977, -194.274414),
	Vector3.new(168, 11.417778, -193.898849),
	Vector3.new(168, 11.754612, -194.005219),
	Vector3.new(168, 12.2604904, -194.417175),
	Vector3.new(168, 13.1611519, -194.478775),
	Vector3.new(168, 16.3512459, -194.205444),
	Vector3.new(168, 18.2640839, -193.629715),
	Vector3.new(168, 19.1040668, -193.163559),
	Vector3.new(168, 19.1767807, -193.020828),
	Vector3.new(168, 21.7843323, -193.324127),
	Vector3.new(168, 22.9610405, -193.245605),
	Vector3.new(168, 23.6723347, -192.385468),
	Vector3.new(168, 26.6416321, -192.224121),
	Vector3.new(168, 28.8118057, -192.222122),
	Vector3.new(168, 31.0077019, -192.013596),
	Vector3.new(168, 33.5977364, -191.579544),
	Vector3.new(168, 34.7235909, -191.028549),
	Vector3.new(168, 35.1054192, -190.532181),
	Vector3.new(168, 35.3313904, -189.800812),
	Vector3.new(168, 36.3388367, -188.856812),
	Vector3.new(168, 37.4399757, -187.836975),
	Vector3.new(168, 39.1590424, -186.328812),
	Vector3.new(168, 38.8815842, -185.869232),
	Vector3.new(168, 38.4073448, -185.044296),
	Vector3.new(168, 37.5334892, -184.039749),
	Vector3.new(168, 36.9860687, -183.260391),
	Vector3.new(168, 37.0314255, -182.442368),
	Vector3.new(168, 37.2966805, -182.089096),
	Vector3.new(168, 37.5003624, -181.727936),
	Vector3.new(168, 37.964035, -181.789337),
	Vector3.new(168, 38.4715881, -182.296036),
	Vector3.new(168, 39.2995567, -183.412109),
	Vector3.new(168, 40.0595627, -184.000748),
	Vector3.new(168, 39.6757011, -183.285919),
	Vector3.new(168, 39.4825706, -182.677948),
	Vector3.new(168, 39.3098679, -182.280243),
	Vector3.new(168, 39.1152802, -182.144012),
	Vector3.new(168, 38.0813065, -181.821655),
	Vector3.new(168, 38.4554138, -182.021088),
	Vector3.new(168, 39.3883438, -183.287796),
	Vector3.new(168, 39.6750259, -183.549149),
	Vector3.new(168, 39.1275101, -182.309937),
	Vector3.new(168, 38.7759323, -182.120255),
	Vector3.new(168, 39.5232086, -183.272385),
	Vector3.new(168, 38.6725845, -182.107681),
	Vector3.new(168, 37.9417419, -181.776123),
	Vector3.new(168, 37.4906998, -181.661011),
	Vector3.new(168, 36.5753899, -181.171982),
	Vector3.new(168, 37.3217773, -181.754913),
	Vector3.new(168, 36.848999, -182.40741),
	Vector3.new(168, 36.8101997, -183.340958),
	Vector3.new(168, 38.2465134, -185.093353),
	Vector3.new(168, 38.7176285, -185.93895),
	Vector3.new(168, 36.4822845, -188.025085),
	Vector3.new(168, 35.1744041, -189.377792),
	Vector3.new(168, 34.5714722, -190.5242),
	Vector3.new(168, 33.4096985, -190.969772),
	Vector3.new(168, 30.3447647, -191.678314),
	Vector3.new(168, 28.8327026, -191.657089),
	Vector3.new(168, 26.2635536, -191.835632),
	Vector3.new(168, 23.1160221, -191.851013),
	Vector3.new(168, 22.3452911, -192.638382),
	Vector3.new(168, 20.6607246, -192.654968),
	Vector3.new(168, 19.0587978, -192.648651),
	Vector3.new(168, 18.9423084, -192.553238),
	Vector3.new(168, 19.1192188, -192.88588),
	Vector3.new(168, 21.8325787, -193.127686),
	Vector3.new(168, 22.9361973, -193.031525),
	Vector3.new(168, 23.5517483, -192.329971),
	Vector3.new(168, 23.2080078, -192.00618),
	Vector3.new(168, 22.3875484, -192.798248),
	Vector3.new(168, 19.2736721, -192.761703),
	Vector3.new(168, 22.3357964, -192.941788),
	Vector3.new(168, 22.8676815, -192.869263),
	Vector3.new(168, 23.3609142, -192.343384),
	Vector3.new(168, 23.2561455, -192.240173),
	Vector3.new(168, 22.6161118, -192.833527),
	Vector3.new(168, 23.3897438, -191.984894),
	Vector3.new(168, 27.1992016, -192.009323),
	Vector3.new(168, 23.4700642, -192.125534),
	Vector3.new(168, 23.6912861, -192.300232),
	Vector3.new(168, 25.9004059, -192.184204),
	Vector3.new(168, 27.099884, -191.867203),
	Vector3.new(168, 28.8537884, -191.829407),
	Vector3.new(168, 30.3651199, -191.859756),
	Vector3.new(168, 30.2775517, -191.954025),
	Vector3.new(168, 27.3924885, -191.987747),
	Vector3.new(168, 27.2424107, -192.072815),
	Vector3.new(168, 29.2839851, -192.031158),
	Vector3.new(168, 30.5284557, -191.90097),
	Vector3.new(168, 33.5320816, -191.390472),
	Vector3.new(168, 34.632103, -190.922607),
	Vector3.new(168, 34.9923935, -190.434738),
	Vector3.new(168, 35.1839828, -189.74881),
	Vector3.new(168, 34.7991257, -190.44165),
	Vector3.new(168, 34.4901352, -190.790955),
	Vector3.new(168, 30.4433422, -191.797287),
	Vector3.new(168, 32.3426056, -191.459747),
	Vector3.new(168, 34.2298584, -190.982178),
	Vector3.new(168, 35.2341003, -189.624207),
	Vector3.new(168, 36.1077652, -188.634048),
	Vector3.new(168, 37.9503212, -186.913864),
	Vector3.new(168, 38.8323212, -186.055847),
	Vector3.new(168, 38.9144287, -186.199951),
	Vector3.new(168, 35.3510971, -189.653473),
	Vector3.new(168, 38.9722137, -186.300842),
	Vector3.new(168, 35.2557487, -189.497589),
	Vector3.new(168, 34.6823578, -188.250305),
	Vector3.new(168, 32.675705, -185.985336),
	Vector3.new(168, 32.3251762, -186.679565),
	Vector3.new(168, 30.354744, -187.453629),
	Vector3.new(168, 27.8409252, -188.146866),
	Vector3.new(168, 25.8423672, -188.529129),
	Vector3.new(168, 24.4855385, -188.737442),
	Vector3.new(168, 23.1723518, -189.085526),
	Vector3.new(168, 21.7862663, -190.160019),
	Vector3.new(168, 19.5714989, -190.170349),
	Vector3.new(168, 18.1418304, -190.147781),
	Vector3.new(168, 21.7668915, -189.981369),
	Vector3.new(168, 21.9415455, -189.821487),
	Vector3.new(168, 18.1758842, -189.971634),
	Vector3.new(168, 18.0599327, -189.723175),
	Vector3.new(168, 18.3006325, -189.793533),
	Vector3.new(168, 21.2477894, -189.728149),
	Vector3.new(168, 22.1059055, -189.722153),
	Vector3.new(168, 22.995203, -188.993454),
	Vector3.new(168, 24.1560802, -188.068359),
	Vector3.new(168, 23.7603207, -188.192413),
	Vector3.new(168, 22.0188828, -189.582153),
	Vector3.new(168, 21.8070641, -189.551468),
	Vector3.new(168, 23.4869232, -188.287979),
	Vector3.new(168, 23.0432606, -188.460419),
	Vector3.new(168, 21.6244373, -189.540802),
	Vector3.new(168, 21.3548946, -189.609177),
	Vector3.new(168, 22.8236427, -188.402771),
	Vector3.new(168, 23.3299427, -188.91597),
	Vector3.new(168, 27.7029991, -188.036682),
	Vector3.new(168, 30.3348846, -187.278366),
	Vector3.new(168, 32.2411385, -186.595612),
	Vector3.new(168, 32.5005798, -186.023575),
	Vector3.new(168, 32.3998032, -185.93335),
	Vector3.new(168, 32.1388474, -186.48497),
	Vector3.new(168, 30.2754173, -187.109024),
	Vector3.new(168, 27.6892147, -187.854645),
	Vector3.new(168, 23.4856949, -188.750656),
	Vector3.new(168, 23.7420692, -188.566849),
	Vector3.new(168, 27.7705765, -187.664062),
	Vector3.new(168, 32.0155525, -186.356537),
	Vector3.new(168, 32.2669373, -185.843719),
	Vector3.new(168, 32.1404648, -185.700333),
	Vector3.new(168, 31.9379902, -186.228485),
	Vector3.new(168, 31.9333687, -185.828247),
	Vector3.new(168, 31.7978668, -186.266068),
	Vector3.new(168, 31.7093468, -186.111237),
	Vector3.new(168, 31.6393318, -186.312958),
	Vector3.new(168, 31.4827518, -186.387436),
	Vector3.new(168, 30.1567726, -187.034485),
	Vector3.new(168, 27.1529236, -187.712753),
	Vector3.new(168, 25.4913502, -188.038651),
	Vector3.new(168, 24.3133698, -188.087265),
	Vector3.new(168, 23.9717197, -188.335892),
	Vector3.new(168, 24.408699, -188.249588),
	Vector3.new(168, 25.1582127, -188.124863),
	Vector3.new(168, 28.6347923, -187.472504),
	Vector3.new(168, 32.2951431, -186.22612),
	Vector3.new(168, 32.7824593, -185.767242),
	Vector3.new(168, 35.2290077, -182.770782),
	Vector3.new(168, 36.4213333, -181.244003),
	Vector3.new(168, 36.3301086, -181.17041),
	Vector3.new(168, 34.6875458, -183.169632),
	Vector3.new(168, 32.6244125, -185.661301),
	Vector3.new(168, 32.5240326, -185.59375),
	Vector3.new(168, 36.2405968, -181.130066),
	Vector3.new(168, 32.4139252, -185.555038),
	Vector3.new(168, 30.968277, -186.911346),
	Vector3.new(168, 25.4826622, -188.286682),
	Vector3.new(168, 22.5024567, -188.60553),
	Vector3.new(168, 20.8449821, -189.993729),
	Vector3.new(168, 17.8890114, -189.698822),
	Vector3.new(168, 17.767971, -188.179688),
	Vector3.new(168, 17.8822899, -185.732666),
	Vector3.new(168, 17.6320076, -185.350983),
	Vector3.new(168, 15.4105797, -185.075806),
	Vector3.new(168, 11.7405663, -186.849304),
	Vector3.new(168, 11.5035019, -188.982513),
	Vector3.new(168, 11.6903648, -190.784698),
	Vector3.new(168, 12.0946236, -192.377029),
	Vector3.new(168, 12.3461952, -193.066269),
	Vector3.new(168, 12.7662659, -194.265274),
	Vector3.new(168, 12.5279121, -194.24939),
	Vector3.new(168, 12.0538597, -192.706268),
	Vector3.new(168, 11.5615997, -190.784134),
	Vector3.new(168, 11.3854675, -189.077713),
	Vector3.new(168, 11.2161369, -189.141342),
	Vector3.new(168, 11.393959, -190.984711),
	Vector3.new(168, 11.9711571, -192.918991),
	Vector3.new(168, 12.4146729, -194.235336),
	Vector3.new(168, 12.2340736, -194.195633),
	Vector3.new(168, 11.2650223, -190.984055),
	Vector3.new(168, 11.10009, -189.173187),
	Vector3.new(168, 10.9740143, -189.194427),
	Vector3.new(168, 11.1435471, -191.073257),
	Vector3.new(168, 12.1123009, -194.070557),
	Vector3.new(168, 11.9228516, -193.969589),
	Vector3.new(168, 10.9969864, -191.144211),
	Vector3.new(168, 10.8624725, -189.162827),
	Vector3.new(168, 10.8127785, -189.170135),
	Vector3.new(168, 10.8478241, -190.128326),
	Vector3.new(168, 11.2418938, -192.309052),
	Vector3.new(168, 11.6919975, -193.734863),
	Vector3.new(168, 11.3678207, -193.054047),
	Vector3.new(168, 13.2071838, -194.43457),
	Vector3.new(168, 16.5910339, -194.168243),
	Vector3.new(168, 18.2681236, -193.66507),
	Vector3.new(168, 19.3267002, -192.948364),
}
