return {
	Vector3.new(0, 0, 0),
	Vector3.new(0, -4.746978759765625, 0.0063018798828125),
	Vector3.new(0, -14.161714553833008, -0.0204010009765625),
	Vector3.new(0, -25.90155792236328, 0.00372314453125),
	Vector3.new(0, -34.202308654785156, 0.039276123046875),
	Vector3.new(0, -35.97660446166992, 0.0185699462890625),
	Vector3.new(0, -35.94706726074219, -7.5117340087890625),
	Vector3.new(0, -35.96527099609375, -11.48016357421875),
	Vector3.new(0, -35.95338439941406, -22.754486083984375),
	Vector3.new(0, -35.945247650146484, -31.422943115234375),
	Vector3.new(0, -31.973133087158203, -31.440200805664062),
	Vector3.new(0, -30.020618438720703, -31.389678955078125),
	Vector3.new(0, -27.260446548461914, -30.546722412109375),
	Vector3.new(0, -25.772369384765625, -30.0426025390625),
	Vector3.new(0, -26.132038116455078, -30.0220947265625),
	Vector3.new(0, -27.24195098876953, -30.288055419921875),
	Vector3.new(0, -29.108530044555664, -30.882095336914062),
	Vector3.new(0, -30.619094848632812, -31.113128662109375),
	Vector3.new(0, -32.26224899291992, -31.362258911132812),
	Vector3.new(0, -35.82453155517578, -31.305862426757812),
	Vector3.new(0, -35.82630157470703, -30.188507080078125),
	Vector3.new(0, -34.929718017578125, -30.35919189453125),
	Vector3.new(0, -34.0462646484375, -30.486862182617188),
	Vector3.new(0, -32.096561431884766, -30.651123046875),
	Vector3.new(0, -31.218746185302734, -30.61370849609375),
	Vector3.new(0, -29.012493133544922, -30.49786376953125),
	Vector3.new(0, -27.621871948242188, -30.27020263671875),
	Vector3.new(0, -26.88391876220703, -30.165267944335938),
	Vector3.new(0, -28.311355590820312, -30.521224975585938),
	Vector3.new(0, -29.161418914794922, -30.693359375),
	Vector3.new(0, -32.143917083740234, -30.835372924804688),
	Vector3.new(0, -34.851837158203125, -30.56036376953125),
	Vector3.new(0, -35.68535614013672, -30.379928588867188),
	Vector3.new(0, -35.658870697021484, -31.188888549804688),
	Vector3.new(0, -32.23086166381836, -31.181900024414062),
	Vector3.new(0, -29.344379425048828, -30.816925048828125),
	Vector3.new(0, -32.10124588012695, -31.014266967773438),
	Vector3.new(0, -34.91304016113281, -30.723175048828125),
	Vector3.new(0, -35.56825256347656, -30.576156616210938),
	Vector3.new(0, -35.505096435546875, -31.014938354492188),
	Vector3.new(0, -32.51264953613281, -31.093414306640625),
	Vector3.new(0, -34.217262268066406, -30.897918701171875),
	Vector3.new(0, -35.393341064453125, -30.919097900390625),
	Vector3.new(0, -35.42113494873047, -30.772857666015625),
	Vector3.new(0, -35.00384521484375, -30.857025146484375),
	Vector3.new(0, -31.785564422607422, -31.028076171875),
	Vector3.new(0, -28.25693130493164, -30.424270629882812),
	Vector3.new(0, -26.271835327148438, -30.007476806640625),
	Vector3.new(0, -26.60995864868164, -29.738418579101562),
	Vector3.new(0, -28.058395385742188, -29.914947509765625),
	Vector3.new(0, -33.00506591796875, -30.068283081054688),
	Vector3.new(0, -34.51576614379883, -30.05999755859375),
	Vector3.new(0, -35.84075164794922, -29.89288330078125),
	Vector3.new(0, -35.78309631347656, -28.71746826171875),
	Vector3.new(0, -34.19614028930664, -28.82464599609375),
	Vector3.new(0, -32.689239501953125, -28.881332397460938),
	Vector3.new(0, -31.41315460205078, -28.893112182617188),
	Vector3.new(0, -30.30042266845703, -28.685531616210938),
	Vector3.new(0, -28.978906631469727, -28.433059692382812),
	Vector3.new(0, -28.494495391845703, -28.680831909179688),
	Vector3.new(0, -28.2177791595459, -28.579544067382812),
	Vector3.new(0, -26.714256286621094, -28.960372924804688),
	Vector3.new(0, -26.607763290405273, -29.669342041015625),
	Vector3.new(0, -28.167587280273438, -29.947280883789062),
	Vector3.new(0, -31.997194290161133, -29.99102783203125),
	Vector3.new(0, -34.45452880859375, -30.09002685546875),
	Vector3.new(0, -35.75801086425781, -29.943206787109375),
	Vector3.new(0, -35.87291717529297, -28.030014038085938),
	Vector3.new(0, -34.95112609863281, -28.213882446289062),
	Vector3.new(0, -33.86398696899414, -28.320816040039062),
	Vector3.new(0, -32.12761688232422, -28.431854248046875),
	Vector3.new(0, -30.962081909179688, -28.433929443359375),
	Vector3.new(0, -30.23057746887207, -28.323410034179688),
	Vector3.new(0, -29.368867874145508, -28.458389282226562),
	Vector3.new(0, -30.3895320892334, -28.267318725585938),
	Vector3.new(0, -31.297481536865234, -28.0831298828125),
	Vector3.new(0, -31.675317764282227, -28.105438232421875),
	Vector3.new(0, -32.63541030883789, -28.037002563476562),
	Vector3.new(0, -33.85272216796875, -27.9730224609375),
	Vector3.new(0, -34.76344299316406, -27.950302124023438),
	Vector3.new(0, -35.868797302246094, -27.809524536132812),
	Vector3.new(0, -35.866817474365234, -26.6502685546875),
	Vector3.new(0, -35.603084564208984, -26.723678588867188),
	Vector3.new(0, -35.39269256591797, -27.011764526367188),
	Vector3.new(0, -34.94562530517578, -26.994720458984375),
	Vector3.new(0, -33.887535095214844, -27.374252319335938),
	Vector3.new(0, -32.47038269042969, -27.81781005859375),
	Vector3.new(0, -31.62127685546875, -28.087844848632812),
	Vector3.new(0, -31.351837158203125, -28.0367431640625),
	Vector3.new(0, -29.351228713989258, -28.476470947265625),
	Vector3.new(0, -29.001956939697266, -28.42620849609375),
	Vector3.new(0, -26.71133804321289, -28.972137451171875),
	Vector3.new(0, -26.619388580322266, -29.648666381835938),
	Vector3.new(0, -26.306129455566406, -30.008651733398438),
	Vector3.new(0, -25.778152465820312, -29.968856811523438),
	Vector3.new(0, -25.14293670654297, -30.225234985351562),
	Vector3.new(0, -24.765947341918945, -30.351470947265625),
	Vector3.new(0, -24.427566528320312, -30.35565185546875),
	Vector3.new(0, -24.115619659423828, -30.083908081054688),
	Vector3.new(0, -23.87762451171875, -29.610809326171875),
	Vector3.new(0, -23.595905303955078, -29.405990600585938),
	Vector3.new(0, -21.887298583984375, -28.957107543945312),
	Vector3.new(0, -20.871593475341797, -28.502243041992188),
	Vector3.new(0, -19.387210845947266, -28.090194702148438),
	Vector3.new(0, -18.073406219482422, -27.880142211914062),
	Vector3.new(0, -16.230859756469727, -27.777114868164062),
	Vector3.new(0, -14.742391586303711, -27.740463256835938),
	Vector3.new(0, -16.724773406982422, -27.856292724609375),
	Vector3.new(0, -17.83761215209961, -27.968658447265625),
	Vector3.new(0, -19.57530403137207, -28.659454345703125),
	Vector3.new(0, -21.54656982421875, -29.588470458984375),
	Vector3.new(0, -23.439517974853516, -30.35235595703125),
	Vector3.new(0, -25.274375915527344, -31.015945434570312),
	Vector3.new(0, -26.688581466674805, -31.392715454101562),
	Vector3.new(0, -25.389183044433594, -31.363677978515625),
	Vector3.new(0, -23.94667625427246, -30.908203125),
	Vector3.new(0, -21.451948165893555, -29.808242797851562),
	Vector3.new(0, -19.103321075439453, -28.674240112304688),
	Vector3.new(0, -17.255910873413086, -28.170974731445312),
	Vector3.new(0, -16.195526123046875, -27.97308349609375),
	Vector3.new(0, -14.710700988769531, -28.060653686523438),
	Vector3.new(0, -14.735383987426758, -27.783660888671875),
	Vector3.new(0, -14.601043701171875, -28.220321655273438),
	Vector3.new(0, -14.213214874267578, -28.538833618164062),
	Vector3.new(0, -16.081783294677734, -28.466232299804688),
	Vector3.new(0, -17.70134735107422, -28.707138061523438),
	Vector3.new(0, -18.89743995666504, -29.179855346679688),
	Vector3.new(0, -21.33990478515625, -30.319061279296875),
	Vector3.new(0, -23.528759002685547, -31.448471069335938),
	Vector3.new(0, -25.376495361328125, -31.40850830078125),
	Vector3.new(0, -26.525737762451172, -31.341140747070312),
	Vector3.new(0, -25.291181564331055, -31.024520874023438),
	Vector3.new(0, -22.93566131591797, -30.176132202148438),
	Vector3.new(0, -21.146982192993164, -29.38885498046875),
	Vector3.new(0, -19.007003784179688, -28.44989013671875),
	Vector3.new(0, -17.80118179321289, -27.924728393554688),
	Vector3.new(0, -16.664527893066406, -27.952926635742188),
	Vector3.new(0, -18.84417152404785, -28.456939697265625),
	Vector3.new(0, -17.71607208251953, -28.080520629882812),
	Vector3.new(0, -14.847846984863281, -27.8836669921875),
	Vector3.new(0, -14.66703987121582, -27.7020263671875),
	Vector3.new(0, -13.498710632324219, -28.11785888671875),
	Vector3.new(0, -14.63102912902832, -27.755233764648438),
	Vector3.new(0, -14.642152786254883, -28.193939208984375),
	Vector3.new(0, -14.171226501464844, -28.520538330078125),
	Vector3.new(0, -13.548971176147461, -28.69537353515625),
	Vector3.new(0, -14.189668655395508, -28.556549072265625),
	Vector3.new(0, -14.045160293579102, -28.815399169921875),
	Vector3.new(0, -13.552371978759766, -29.172088623046875),
	Vector3.new(0, -13.200546264648438, -29.035797119140625),
	Vector3.new(0, -13.29196548461914, -28.891998291015625),
	Vector3.new(0, -13.108020782470703, -29.053451538085938),
	Vector3.new(0, -12.689651489257812, -29.0970458984375),
	Vector3.new(0, -12.464454650878906, -29.023666381835938),
	Vector3.new(0, -12.349729537963867, -28.805145263671875),
	Vector3.new(0, -12.338008880615234, -28.568634033203125),
	Vector3.new(0, -12.635892868041992, -28.325836181640625),
	Vector3.new(0, -12.81222152709961, -28.182388305664062),
	Vector3.new(0, -12.980052947998047, -28.184249877929688),
	Vector3.new(0, -13.233688354492188, -28.539657592773438),
	Vector3.new(0, -13.007604598999023, -28.139236450195312),
	Vector3.new(0, -12.840309143066406, -28.1917724609375),
	Vector3.new(0, -12.412826538085938, -28.532852172851562),
	Vector3.new(0, -12.2474365234375, -28.622512817382812),
	Vector3.new(0, -12.394309997558594, -28.459915161132812),
	Vector3.new(0, -11.314512252807617, -28.32177734375),
	Vector3.new(0, -10.347742080688477, -28.108428955078125),
	Vector3.new(0, -9.557968139648438, -27.856719970703125),
	Vector3.new(0, -9.09027099609375, -27.68170166015625),
	Vector3.new(0, -10.069601058959961, -28.0123291015625),
	Vector3.new(0, -10.509773254394531, -28.119552612304688),
	Vector3.new(0, -11.323894500732422, -28.321868896484375),
	Vector3.new(0, -12.431341171264648, -28.496627807617188),
	Vector3.new(0, -12.962026596069336, -28.111495971679688),
	Vector3.new(0, -12.897661209106445, -28.010894775390625),
	Vector3.new(0, -11.583301544189453, -27.884140014648438),
	Vector3.new(0, -10.236942291259766, -27.485031127929688),
	Vector3.new(0, -9.328388214111328, -27.24505615234375),
	Vector3.new(0, -8.03018569946289, -26.538177490234375),
	Vector3.new(0, -7.788265228271484, -26.418182373046875),
	Vector3.new(0, -9.025569915771484, -27.05145263671875),
	Vector3.new(0, -9.694732666015625, -27.289169311523438),
	Vector3.new(0, -10.605644226074219, -27.5374755859375),
	Vector3.new(0, -11.566120147705078, -27.700164794921875),
	Vector3.new(0, -12.170942306518555, -27.791534423828125),
	Vector3.new(0, -12.876453399658203, -27.838027954101562),
	Vector3.new(0, -12.945865631103516, -28.183837890625),
	Vector3.new(0, -12.213338851928711, -28.613128662109375),
	Vector3.new(0, -11.009523391723633, -28.603973388671875),
	Vector3.new(0, -10.633766174316406, -29.163131713867188),
	Vector3.new(0, -10.4046630859375, -30.422134399414062),
	Vector3.new(0, -10.588489532470703, -30.914764404296875),
	Vector3.new(0, -10.989908218383789, -31.419784545898438),
	Vector3.new(0, -14.271709442138672, -31.404998779296875),
	Vector3.new(0, -15.597028732299805, -31.375640869140625),
	Vector3.new(0, -15.865118026733398, -31.118240356445312),
	Vector3.new(0, -15.537029266357422, -31.26275634765625),
	Vector3.new(0, -14.534616470336914, -31.445053100585938),
	Vector3.new(0, -13.264896392822266, -31.322586059570312),
	Vector3.new(0, -12.886276245117188, -31.077438354492188),
	Vector3.new(0, -13.515705108642578, -31.3634033203125),
	Vector3.new(0, -14.226421356201172, -31.388031005859375),
	Vector3.new(0, -13.37225341796875, -31.026626586914062),
	Vector3.new(0, -12.722118377685547, -30.513565063476562),
	Vector3.new(0, -12.273868560791016, -29.875320434570312),
	Vector3.new(0, -11.967950820922852, -29.067062377929688),
	Vector3.new(0, -11.531538009643555, -28.69036865234375),
	Vector3.new(0, -11.618087768554688, -29.33953857421875),
	Vector3.new(0, -11.879802703857422, -30.057968139648438),
	Vector3.new(0, -12.28493881225586, -30.471939086914062),
	Vector3.new(0, -13.156509399414062, -30.877227783203125),
	Vector3.new(0, -13.58707046508789, -31.121978759765625),
	Vector3.new(0, -14.155799865722656, -31.309432983398438),
	Vector3.new(0, -13.978994369506836, -30.6280517578125),
	Vector3.new(0, -13.765439987182617, -29.647567749023438),
	Vector3.new(0, -13.52352523803711, -29.207916259765625),
	Vector3.new(0, -13.190147399902344, -28.98162841796875),
	Vector3.new(0, -13.532482147216797, -29.163009643554688),
	Vector3.new(0, -13.81008529663086, -29.67437744140625),
	Vector3.new(0, -14.164665222167969, -31.282730102539062),
	Vector3.new(0, -13.506614685058594, -31.087387084960938),
	Vector3.new(0, -13.048200607299805, -30.744049072265625),
	Vector3.new(0, -12.794063568115234, -30.234161376953125),
	Vector3.new(0, -12.738555908203125, -29.747756958007812),
	Vector3.new(0, -12.794120788574219, -30.26116943359375),
	Vector3.new(0, -13.084371566772461, -30.815338134765625),
	Vector3.new(0, -12.749269485473633, -30.486373901367188),
	Vector3.new(0, -12.282962799072266, -29.857192993164062),
	Vector3.new(0, -12.02348518371582, -29.140090942382812),
	Vector3.new(0, -12.36290168762207, -29.077682495117188),
	Vector3.new(0, -12.342939376831055, -28.541351318359375),
	Vector3.new(0, -11.149410247802734, -28.660171508789062),
	Vector3.new(0, -10.964548110961914, -29.044815063476562),
	Vector3.new(0, -11.01480484008789, -29.62255859375),
	Vector3.new(0, -11.240985870361328, -30.033309936523438),
	Vector3.new(0, -11.688301086425781, -30.540008544921875),
	Vector3.new(0, -12.176767349243164, -30.93316650390625),
	Vector3.new(0, -11.71484375, -30.285736083984375),
	Vector3.new(0, -11.490222930908203, -29.731658935546875),
	Vector3.new(0, -11.40451431274414, -29.302627563476562),
	Vector3.new(0, -11.40245246887207, -28.900131225585938),
	Vector3.new(0, -11.419849395751953, -28.662109375),
	Vector3.new(0, -12.352272033691406, -28.59600830078125),
	Vector3.new(0, -12.953475952148438, -28.193023681640625),
	Vector3.new(0, -12.934623718261719, -27.811599731445312),
	Vector3.new(0, -13.106800079345703, -27.56903076171875),
	Vector3.new(0, -13.396211624145508, -27.319961547851562),
	Vector3.new(0, -13.819271087646484, -27.580642700195312),
	Vector3.new(0, -13.432327270507812, -27.311553955078125),
	Vector3.new(0, -13.305530548095703, -27.03680419921875),
	Vector3.new(0, -13.29617691040039, -26.736541748046875),
	Vector3.new(0, -13.495002746582031, -26.459396362304688),
	Vector3.new(0, -13.041011810302734, -26.118896484375),
	Vector3.new(0, -12.894643783569336, -25.885818481445312),
	Vector3.new(0, -10.550182342529297, -26.197662353515625),
	Vector3.new(0, -12.039188385009766, -25.933807373046875),
	Vector3.new(0, -13.076629638671875, -25.570907592773438),
	Vector3.new(0, -15.71041488647461, -24.397674560546875),
	Vector3.new(0, -13.990936279296875, -24.837112426757812),
	Vector3.new(0, -11.872604370117188, -25.165084838867188),
	Vector3.new(0, -14.10963249206543, -24.589553833007812),
	Vector3.new(0, -16.03936767578125, -23.959548950195312),
	Vector3.new(0, -18.04874610900879, -23.387283325195312),
	Vector3.new(0, -19.18535041809082, -22.90826416015625),
	Vector3.new(0, -18.296171188354492, -23.401565551757812),
	Vector3.new(0, -21.702091217041016, -22.568252563476562),
	Vector3.new(0, -23.345016479492188, -22.190277099609375),
	Vector3.new(0, -24.350860595703125, -22.191741943359375),
	Vector3.new(0, -23.546836853027344, -21.71038818359375),
	Vector3.new(0, -23.851272583007812, -22.000106811523438),
	Vector3.new(0, -23.391733169555664, -21.939208984375),
	Vector3.new(0, -22.19375228881836, -22.166152954101562),
	Vector3.new(0, -21.34862518310547, -22.303024291992188),
	Vector3.new(0, -23.608097076416016, -22.0206298828125),
	Vector3.new(0, -23.421138763427734, -21.556396484375),
	Vector3.new(0, -21.908199310302734, -21.807754516601562),
	Vector3.new(0, -20.007587432861328, -22.246597290039062),
	Vector3.new(0, -18.395694732666016, -22.745101928710938),
	Vector3.new(0, -16.453794479370117, -23.318283081054688),
	Vector3.new(0, -15.025169372558594, -23.786956787109375),
	Vector3.new(0, -19.133298873901367, -22.531112670898438),
	Vector3.new(0, -20.750425338745117, -22.038314819335938),
	Vector3.new(0, -23.491954803466797, -21.596282958984375),
	Vector3.new(0, -24.014623641967773, -22.088882446289062),
	Vector3.new(0, -22.222091674804688, -22.440353393554688),
	Vector3.new(0, -21.147262573242188, -22.686904907226562),
	Vector3.new(0, -18.377954483032227, -23.306396484375),
	Vector3.new(0, -15.067481994628906, -24.222885131835938),
	Vector3.new(0, -13.295351028442383, -24.8321533203125),
	Vector3.new(0, -13.990877151489258, -24.847076416015625),
	Vector3.new(0, -15.706460952758789, -24.407485961914062),
	Vector3.new(0, -13.086118698120117, -25.610137939453125),
	Vector3.new(0, -12.623414993286133, -25.839706420898438),
	Vector3.new(0, -13.762393951416016, -25.6209716796875),
	Vector3.new(0, -15.232202529907227, -25.2003173828125),
	Vector3.new(0, -17.613136291503906, -24.224044799804688),
	Vector3.new(0, -19.005949020385742, -24.0394287109375),
	Vector3.new(0, -20.156055450439453, -24.093215942382812),
	Vector3.new(0, -21.80500030517578, -23.918106079101562),
	Vector3.new(0, -22.896718978881836, -23.738784790039062),
	Vector3.new(0, -23.952674865722656, -23.3770751953125),
	Vector3.new(0, -22.8319091796875, -23.802993774414062),
	Vector3.new(0, -20.127416610717773, -24.121383666992188),
	Vector3.new(0, -19.0155086517334, -24.010787963867188),
	Vector3.new(0, -18.291271209716797, -23.75927734375),
	Vector3.new(0, -17.137910842895508, -23.848297119140625),
	Vector3.new(0, -18.430519104003906, -23.771133422851562),
	Vector3.new(0, -19.228994369506836, -23.678146362304688),
	Vector3.new(0, -19.717103958129883, -23.619293212890625),
	Vector3.new(0, -20.78688621520996, -23.238983154296875),
	Vector3.new(0, -21.85972785949707, -23.034591674804688),
	Vector3.new(0, -22.67403221130371, -22.846450805664062),
	Vector3.new(0, -23.78999137878418, -22.705642700195312),
	Vector3.new(0, -24.073087692260742, -22.564315795898438),
	Vector3.new(0, -22.952423095703125, -23.114715576171875),
	Vector3.new(0, -21.813796997070312, -23.617446899414062),
	Vector3.new(0, -20.989879608154297, -23.811325073242188),
	Vector3.new(0, -20.00017738342285, -23.862518310546875),
	Vector3.new(0, -18.85629653930664, -23.806686401367188),
	Vector3.new(0, -18.864940643310547, -24.050765991210938),
	Vector3.new(0, -17.734539031982422, -24.30218505859375),
	Vector3.new(0, -17.223520278930664, -24.948272705078125),
	Vector3.new(0, -16.29349136352539, -25.605819702148438),
	Vector3.new(0, -15.602516174316406, -25.709243774414062),
	Vector3.new(0, -15.224422454833984, -25.296798706054688),
	Vector3.new(0, -15.560440063476562, -25.636764526367188),
	Vector3.new(0, -16.10482406616211, -25.589462280273438),
	Vector3.new(0, -16.192903518676758, -25.27716064453125),
	Vector3.new(0, -16.956501007080078, -24.84246826171875),
	Vector3.new(0, -16.11130714416504, -25.348968505859375),
	Vector3.new(0, -15.740411758422852, -25.363540649414062),
	Vector3.new(0, -15.464715957641602, -25.136398315429688),
	Vector3.new(0, -16.223281860351562, -24.92431640625),
	Vector3.new(0, -16.703777313232422, -24.648208618164062),
	Vector3.new(0, -17.686365127563477, -24.2379150390625),
	Vector3.new(0, -18.005687713623047, -24.369338989257812),
	Vector3.new(0, -18.63811492919922, -24.75531005859375),
	Vector3.new(0, -19.300378799438477, -25.37762451171875),
	Vector3.new(0, -19.89150619506836, -25.890045166015625),
	Vector3.new(0, -20.564556121826172, -26.486648559570312),
	Vector3.new(0, -21.211196899414062, -27.23297119140625),
	Vector3.new(0, -21.2237548828125, -27.6409912109375),
	Vector3.new(0, -20.59267234802246, -26.982635498046875),
	Vector3.new(0, -19.78337860107422, -26.43798828125),
	Vector3.new(0, -18.764144897460938, -25.85992431640625),
	Vector3.new(0, -17.984683990478516, -25.49847412109375),
	Vector3.new(0, -17.111223220825195, -25.074737548828125),
	Vector3.new(0, -16.342517852783203, -25.597900390625),
	Vector3.new(0, -15.743480682373047, -25.741485595703125),
	Vector3.new(0, -16.6702880859375, -25.893157958984375),
	Vector3.new(0, -17.69223403930664, -26.041900634765625),
	Vector3.new(0, -18.873504638671875, -26.4825439453125),
	Vector3.new(0, -19.775009155273438, -26.807601928710938),
	Vector3.new(0, -20.44158172607422, -27.144668579101562),
	Vector3.new(0, -21.24567985534668, -27.693450927734375),
	Vector3.new(0, -20.60665512084961, -27.241485595703125),
	Vector3.new(0, -19.77481460571289, -26.907562255859375),
	Vector3.new(0, -18.40489959716797, -26.58709716796875),
	Vector3.new(0, -16.956022262573242, -26.336898803710938),
	Vector3.new(0, -15.895584106445312, -26.198318481445312),
	Vector3.new(0, -15.398193359375, -26.071487426757812),
	Vector3.new(0, -15.503751754760742, -25.7977294921875),
	Vector3.new(0, -15.216278076171875, -25.320999145507812),
	Vector3.new(0, -14.910881042480469, -25.465652465820312),
	Vector3.new(0, -14.287681579589844, -26.293731689453125),
	Vector3.new(0, -14.660688400268555, -25.4161376953125),
	Vector3.new(0, -14.279548645019531, -26.28564453125),
	Vector3.new(0, -13.969329833984375, -25.99365234375),
	Vector3.new(0, -13.7308349609375, -25.625946044921875),
	Vector3.new(0, -12.869405746459961, -25.81439208984375),
	Vector3.new(0, -13.078836441040039, -26.118606567382812),
	Vector3.new(0, -13.62565803527832, -26.50909423828125),
	Vector3.new(0, -13.929208755493164, -26.580337524414062),
	Vector3.new(0, -13.535043716430664, -26.477005004882812),
	Vector3.new(0, -13.053886413574219, -26.118682861328125),
	Vector3.new(0, -12.894676208496094, -25.8720703125),
	Vector3.new(0, -13.804841995239258, -25.642440795898438),
	Vector3.new(0, -14.660709381103516, -25.3592529296875),
	Vector3.new(0, -15.184253692626953, -25.3046875),
	Vector3.new(0, -15.526741027832031, -25.749420166015625),
	Vector3.new(0, -15.318756103515625, -26.1199951171875),
	Vector3.new(0, -14.78921890258789, -26.541839599609375),
	Vector3.new(0, -14.271743774414062, -26.869659423828125),
	Vector3.new(0, -13.889387130737305, -27.311859130859375),
	Vector3.new(0, -14.271743774414062, -26.869659423828125),
	Vector3.new(0, -14.490554809570312, -26.770477294921875),
	Vector3.new(0, -14.49056625366211, -27.101776123046875),
	Vector3.new(0, -14.51481819152832, -26.79449462890625),
	Vector3.new(0, -14.942005157470703, -26.492416381835938),
	Vector3.new(0, -15.070472717285156, -26.3707275390625),
	Vector3.new(0, -15.182010650634766, -26.683868408203125),
	Vector3.new(0, -15.26131820678711, -26.972198486328125),
	Vector3.new(0, -15.157142639160156, -27.254180908203125),
	Vector3.new(0, -14.67593002319336, -27.679061889648438),
	Vector3.new(0, -14.645748138427734, -28.180831909179688),
	Vector3.new(0, -14.174427032470703, -28.581192016601562),
	Vector3.new(0, -14.037277221679688, -28.849578857421875),
	Vector3.new(0, -13.484745025634766, -29.214752197265625),
	Vector3.new(0, -13.845678329467773, -29.665679931640625),
	Vector3.new(0, -14.14253044128418, -31.442413330078125),
	Vector3.new(0, -23.54638671875, -31.412765502929688),
	Vector3.new(0, -30.131763458251953, -31.43536376953125),
	Vector3.new(0, -19.963462829589844, -31.406082153320312),
	Vector3.new(0, -14.367076873779297, -31.424453735351562),
	Vector3.new(0, -7.65516471862793, -31.409408569335938),
	Vector3.new(0, 0.00676727294921875, -31.397308349609375),
	Vector3.new(0, -0.012836456298828125, -26.31658935546875),
	Vector3.new(0, -0.010601043701171875, -14.373855590820312),
	Vector3.new(0, -0.008930206298828125, -5.433563232421875),
	Vector3.new(0, -0.0290679931640625, 0.0132293701171875)
}
