return {
	Vector3.new(0, 0, 0),
	Vector3.new(0, -7.8322296142578125, -0.0532989501953125),
	Vector3.new(0, -16.13408660888672, 0.000335693359375),
	Vector3.new(0, -24.17233657836914, 0.0037841796875),
	Vector3.new(0, -35.936275482177734, -0.03369140625),
	Vector3.new(0, -35.9636116027832, -3.0500640869140625),
	Vector3.new(0, -35.931419372558594, -9.495330810546875),
	Vector3.new(0, -35.94080352783203, -15.483184814453125),
	Vector3.new(0, -35.948158264160156, -22.232757568359375),
	Vector3.new(0, -35.95738983154297, -26.740646362304688),
	Vector3.new(0, -35.907142639160156, -31.429519653320312),
	Vector3.new(0, -32.774845123291016, -31.465316772460938),
	Vector3.new(0, -24.603500366210938, -31.460037231445312),
	Vector3.new(0, -17.386886596679688, -31.443695068359375),
	Vector3.new(0, -15.319547653198242, -31.456771850585938),
	Vector3.new(0, -15.90863037109375, -31.150787353515625),
	Vector3.new(0, -15.05941390991211, -31.389007568359375),
	Vector3.new(0, -13.769580841064453, -31.208572387695312),
	Vector3.new(0, -12.774553298950195, -30.68792724609375),
	Vector3.new(0, -12.11013412475586, -29.987228393554688),
	Vector3.new(0, -11.900833129882812, -29.165206909179688),
	Vector3.new(0, -12.178241729736328, -29.9647216796875),
	Vector3.new(0, -12.808494567871094, -30.699249267578125),
	Vector3.new(0, -12.277484893798828, -30.393829345703125),
	Vector3.new(0, -11.905792236328125, -30.043502807617188),
	Vector3.new(0, -11.583747863769531, -29.20965576171875),
	Vector3.new(0, -11.787065505981445, -29.254928588867188),
	Vector3.new(0, -11.427398681640625, -28.962234497070312),
	Vector3.new(0, -11.42288589477539, -29.49066162109375),
	Vector3.new(0, -11.677902221679688, -30.190170288085938),
	Vector3.new(0, -12.081609725952148, -30.857879638671875),
	Vector3.new(0, -11.506109237670898, -30.382278442382812),
	Vector3.new(0, -11.135791778564453, -29.896194458007812),
	Vector3.new(0, -10.980506896972656, -29.523895263671875),
	Vector3.new(0, -10.951461791992188, -29.017547607421875),
	Vector3.new(0, -11.08029556274414, -28.568923950195312),
	Vector3.new(0, -10.73574447631836, -29.062118530273438),
	Vector3.new(0, -10.256092071533203, -29.35394287109375),
	Vector3.new(0, -9.765130996704102, -29.544967651367188),
	Vector3.new(0, -9.175086975097656, -29.431396484375),
	Vector3.new(0, -9.73101806640625, -29.544921875),
	Vector3.new(0, -10.117107391357422, -29.5792236328125),
	Vector3.new(0, -10.504186630249023, -29.500778198242188),
	Vector3.new(0, -10.621194839477539, -29.17437744140625),
	Vector3.new(0, -10.453622817993164, -29.963424682617188),
	Vector3.new(0, -10.378746032714844, -30.551910400390625),
	Vector3.new(0, -10.453025817871094, -31.03997802734375),
	Vector3.new(0, -10.745109558105469, -31.449310302734375),
	Vector3.new(0, -10.95069694519043, -31.41497802734375),
	Vector3.new(0, -10.432638168334961, -30.82415771484375),
	Vector3.new(0, -10.790964126586914, -31.426498413085938),
	Vector3.new(0, -13.621845245361328, -31.401473999023438),
	Vector3.new(0, -12.863256454467773, -31.107025146484375),
	Vector3.new(0, -13.67845344543457, -31.42413330078125),
	Vector3.new(0, -14.945953369140625, -31.411758422851562),
	Vector3.new(0, -14.064035415649414, -31.117767333984375),
	Vector3.new(0, -13.783729553222656, -29.909652709960938),
	Vector3.new(0, -13.660575866699219, -29.515960693359375),
	Vector3.new(0, -13.447547912597656, -29.111648559570312),
	Vector3.new(0, -13.16623306274414, -28.98785400390625),
	Vector3.new(0, -12.781978607177734, -29.166641235351562),
	Vector3.new(0, -12.409919738769531, -29.076248168945312),
	Vector3.new(0, -12.276426315307617, -28.750808715820312),
	Vector3.new(0, -12.447759628295898, -28.39306640625),
	Vector3.new(0, -12.899284362792969, -28.193115234375),
	Vector3.new(0, -12.402740478515625, -28.38177490234375),
	Vector3.new(0, -12.288619995117188, -28.605255126953125),
	Vector3.new(0, -11.136417388916016, -28.613876342773438),
	Vector3.new(0, -11.577186584472656, -28.626068115234375),
	Vector3.new(0, -11.66571044921875, -28.8616943359375),
	Vector3.new(0, -12.003059387207031, -29.097991943359375),
	Vector3.new(0, -12.432308197021484, -29.109954833984375),
	Vector3.new(0, -11.957447052001953, -29.154067993164062),
	Vector3.new(0, -12.211780548095703, -30.032424926757812),
	Vector3.new(0, -13.057308197021484, -30.801071166992188),
	Vector3.new(0, -12.688915252685547, -29.706024169921875),
	Vector3.new(0, -13.012184143066406, -30.755813598632812),
	Vector3.new(0, -12.098579406738281, -30.021072387695312),
	Vector3.new(0, -11.96867561340332, -29.165328979492188),
	Vector3.new(0, -12.409919738769531, -29.076248168945312),
	Vector3.new(0, -12.71426010131836, -29.166534423828125),
	Vector3.new(0, -13.188776016235352, -28.987899780273438),
	Vector3.new(0, -13.492485046386719, -29.156570434570312),
	Vector3.new(0, -13.774303436279297, -29.0673828125),
	Vector3.new(0, -14.101016998291016, -28.821685791015625),
	Vector3.new(0, -14.21369743347168, -28.564849853515625),
	Vector3.new(0, -13.527446746826172, -28.75341796875),
	Vector3.new(0, -14.247459411621094, -28.4979248046875),
	Vector3.new(0, -14.66269302368164, -28.064193725585938),
	Vector3.new(0, -14.696220397949219, -27.752838134765625),
	Vector3.new(0, -13.439138412475586, -28.194564819335938),
	Vector3.new(0, -14.640239715576172, -27.774887084960938),
	Vector3.new(0, -15.07632827758789, -27.4432373046875),
	Vector3.new(0, -15.221027374267578, -27.100296020507812),
	Vector3.new(0, -15.231674194335938, -26.801742553710938),
	Vector3.new(0, -15.052696228027344, -26.425582885742188),
	Vector3.new(0, -14.439029693603516, -26.798431396484375),
	Vector3.new(0, -13.94654655456543, -27.128631591796875),
	Vector3.new(0, -13.890186309814453, -27.32806396484375),
	Vector3.new(0, -13.980169296264648, -27.106582641601562),
	Vector3.new(0, -14.4725341796875, -26.842803955078125),
	Vector3.new(0, -14.427663803100586, -27.230224609375),
	Vector3.new(0, -14.47254753112793, -26.798568725585938),
	Vector3.new(0, -15.097343444824219, -26.469924926757812),
	Vector3.new(0, -15.37493896484375, -25.99755859375),
	Vector3.new(0, -15.496530532836914, -25.679489135742188),
	Vector3.new(0, -15.262617111206055, -25.425796508789062),
	Vector3.new(0, -15.206741333007812, -25.239120483398438),
	Vector3.new(0, -15.040176391601562, -25.303909301757812),
	Vector3.new(0, -14.639997482299805, -25.949798583984375),
	Vector3.new(0, -14.271835327148438, -26.289581298828125),
	Vector3.new(0, -14.461715698242188, -25.838836669921875),
	Vector3.new(0, -14.639928817749023, -25.4332275390625),
	Vector3.new(0, -14.884593963623047, -25.34686279296875),
	Vector3.new(0, -13.703624725341797, -25.702789306640625),
	Vector3.new(0, -13.881587982177734, -25.978973388671875),
	Vector3.new(0, -14.249502182006836, -26.300491333007812),
	Vector3.new(0, -14.30517578125, -26.47735595703125),
	Vector3.new(0, -14.103918075561523, -26.631134033203125),
	Vector3.new(0, -13.891365051269531, -26.707611083984375),
	Vector3.new(0, -13.779022216796875, -26.928512573242188),
	Vector3.new(0, -13.756107330322266, -27.161163330078125),
	Vector3.new(0, -13.856355667114258, -27.43896484375),
	Vector3.new(0, -13.822452545166016, -27.572174072265625),
	Vector3.new(0, -13.608543395996094, -27.882980346679688),
	Vector3.new(0, -13.461996078491211, -28.071975708007812),
	Vector3.new(0, -13.517393112182617, -28.339859008789062),
	Vector3.new(0, -13.46059799194336, -28.52960205078125),
	Vector3.new(0, -13.26910400390625, -28.585052490234375),
	Vector3.new(0, -12.955448150634766, -28.215606689453125),
	Vector3.new(0, -12.888908386230469, -28.003433227539062),
	Vector3.new(0, -12.912616729736328, -27.736068725585938),
	Vector3.new(0, -13.32961654663086, -27.348251342773438),
	Vector3.new(0, -13.710317611694336, -27.571807861328125),
	Vector3.new(0, -13.31882095336914, -27.226089477539062),
	Vector3.new(0, -13.230165481567383, -26.9373779296875),
	Vector3.new(0, -13.332195281982422, -26.594573974609375),
	Vector3.new(0, -13.500507354736328, -26.45159912109375),
	Vector3.new(0, -13.857967376708984, -26.630050659179688),
	Vector3.new(0, -13.43380355834961, -26.3187255859375),
	Vector3.new(0, -12.998493194580078, -26.073760986328125),
	Vector3.new(0, -12.865116119384766, -25.885604858398438),
	Vector3.new(0, -12.092235565185547, -25.9588623046875),
	Vector3.new(0, -11.351219177246094, -26.054534912109375),
	Vector3.new(0, -10.597358703613281, -26.150360107421875),
	Vector3.new(0, -12.965810775756836, -25.875091552734375),
	Vector3.new(0, -13.636726379394531, -25.680419921875),
	Vector3.new(0, -12.859067916870117, -25.866729736328125),
	Vector3.new(0, -12.952789306640625, -26.04449462890625),
	Vector3.new(0, -13.539812088012695, -26.432342529296875),
	Vector3.new(0, -13.329025268554688, -26.589202880859375),
	Vector3.new(0, -13.264633178710938, -26.924819946289062),
	Vector3.new(0, -13.33700942993164, -27.292755126953125),
	Vector3.new(0, -12.934274673461914, -27.724822998046875),
	Vector3.new(0, -12.532283782958984, -27.798858642578125),
	Vector3.new(0, -11.348106384277344, -27.6090087890625),
	Vector3.new(0, -9.60390853881836, -27.31304931640625),
	Vector3.new(0, -8.663179397583008, -26.921829223632812),
	Vector3.new(0, -7.691795349121094, -26.309295654296875),
	Vector3.new(0, -8.959117889404297, -27.059280395507812),
	Vector3.new(0, -9.931610107421875, -27.461105346679688),
	Vector3.new(0, -11.43155288696289, -27.883880615234375),
	Vector3.new(0, -12.822746276855469, -28.105224609375),
	Vector3.new(0, -12.74760627746582, -27.946670532226562),
	Vector3.new(0, -10.744869232177734, -27.619659423828125),
	Vector3.new(0, -12.831989288330078, -27.978317260742188),
	Vector3.new(0, -12.886463165283203, -28.168655395507812),
	Vector3.new(0, -12.414909362792969, -28.370285034179688),
	Vector3.new(0, -12.33138656616211, -28.455184936523438),
	Vector3.new(0, -11.085729598999023, -28.3079833984375),
	Vector3.new(0, -10.059560775756836, -28.043563842773438),
	Vector3.new(0, -8.990264892578125, -27.641128540039062),
	Vector3.new(0, -10.006729125976562, -28.075424194335938),
	Vector3.new(0, -11.128135681152344, -28.339767456054688),
	Vector3.new(0, -12.320850372314453, -28.4552001953125),
	Vector3.new(0, -11.066131591796875, -28.615997314453125),
	Vector3.new(0, -10.81402587890625, -29.010223388671875),
	Vector3.new(0, -10.645092010498047, -29.149139404296875),
	Vector3.new(0, -10.435674667358398, -29.973129272460938),
	Vector3.new(0, -10.40568733215332, -30.596145629882812),
	Vector3.new(0, -10.513727188110352, -31.06976318359375),
	Vector3.new(0, -10.749753952026367, -31.468231201171875),
	Vector3.new(0, -8.214908599853516, -31.436599731445312),
	Vector3.new(0, -3.4908409118652344, -31.459716796875),
	Vector3.new(0, 0.022762298583984375, -31.42816162109375),
	Vector3.new(0, 0.03524017333984375, -25.971099853515625),
	Vector3.new(0, -0.023471832275390625, -19.885604858398438),
	Vector3.new(0, 0.00891876220703125, -14.666259765625),
	Vector3.new(0, 0.01767730712890625, -9.374923706054688),
	Vector3.new(0, 0.00165557861328125, -4.7947998046875),
	Vector3.new(0, 0.02220916748046875, -0.0007476806640625)
}
